4.4.0-2.a.1.1|4|[[1, 2, 0, 3], [2, 3, 1, 1]]
8.4.0-2.a.1.1|8|[[0, 1, 3, 5], [0, 1, 5, 1]]
4.12.0-2.a.1.1|4|[[1, 0, 2, 1], [1, 2, 0, 1], [3, 0, 0, 1]]
4.12.0-2.a.1.2|4|[[1, 0, 0, 3], [1, 2, 2, 3], [3, 2, 0, 3]]
8.12.0-2.a.1.1|8|[[1, 2, 0, 1], [1, 4, 6, 7], [3, 2, 0, 1], [3, 6, 6, 5]]
8.12.0-2.a.1.2|8|[[1, 0, 2, 3], [1, 0, 2, 5], [7, 4, 0, 5], [7, 6, 0, 1]]
3.8.0-3.a.1.1|3|[[2, 0, 0, 1], [2, 1, 0, 1]]
3.8.0-3.a.1.2|3|[[1, 0, 0, 2], [1, 1, 0, 1]]
6.8.0-3.a.1.1|6|[[2, 5, 3, 4], [5, 1, 0, 5]]
6.8.0-3.a.1.2|6|[[4, 3, 3, 2], [5, 5, 3, 4]]
3.24.0-3.a.1.1|3|[[1, 0, 0, 2]]
6.24.0-3.a.1.1|6|[[1, 0, 3, 5], [2, 3, 3, 2]]
4.4.0-4.a.1.1|4|[[1, 2, 1, 1], [2, 1, 1, 2]]
8.4.0-4.a.1.1|8|[[2, 7, 3, 4], [3, 0, 1, 5]]
4.12.0-4.a.1.1|4|[[1, 3, 2, 1], [3, 2, 2, 3]]
4.12.0-4.a.1.2|4|[[1, 3, 2, 1], [3, 0, 2, 3]]
8.12.0-4.a.1.1|8|[[3, 5, 4, 5], [5, 5, 2, 1], [7, 4, 4, 3]]
8.12.0-4.a.1.2|8|[[5, 5, 0, 7], [7, 4, 2, 7], [7, 7, 4, 5]]
8.12.0-4.b.1.1|8|[[5, 1, 4, 5], [7, 1, 2, 3], [7, 3, 2, 3]]
8.12.0-4.b.1.2|8|[[1, 2, 6, 7], [1, 6, 2, 3], [5, 1, 4, 5]]
8.12.0-4.b.1.3|8|[[3, 1, 6, 7], [3, 3, 6, 7], [7, 1, 4, 7]]
8.12.0-4.b.1.4|8|[[1, 7, 4, 5], [5, 2, 2, 7], [7, 0, 6, 5]]
4.12.0-4.c.1.1|4|[[1, 2, 0, 3], [3, 1, 0, 3]]
4.12.0-4.c.1.2|4|[[1, 1, 0, 1], [3, 3, 0, 1]]
8.12.0-4.c.1.1|8|[[7, 1, 0, 1], [7, 3, 0, 5], [7, 6, 4, 3], [7, 7, 0, 3]]
8.12.0-4.c.1.2|8|[[3, 7, 4, 5], [5, 5, 4, 5], [5, 7, 4, 7], [7, 4, 4, 7]]
8.12.0-4.c.1.3|8|[[1, 1, 0, 5], [1, 3, 4, 3], [3, 2, 0, 5], [7, 2, 0, 3]]
8.12.0-4.c.1.4|8|[[3, 0, 0, 7], [3, 5, 4, 1], [7, 2, 4, 3], [7, 7, 4, 3]]
8.12.0-4.c.1.5|8|[[3, 1, 4, 7], [7, 1, 4, 1], [7, 2, 4, 5], [7, 5, 4, 5]]
8.12.0-4.c.1.6|8|[[1, 3, 4, 5], [1, 7, 4, 7], [3, 0, 4, 1], [5, 7, 0, 3]]
4.16.0-4.a.1.1|4|[[3, 1, 3, 2]]
8.16.0-4.a.1.1|8|[[6, 7, 3, 7], [7, 6, 6, 5]]
4.16.0-4.b.1.1|4|[[0, 1, 3, 3], [3, 3, 0, 1]]
8.16.0-4.b.1.1|8|[[5, 3, 0, 3], [7, 0, 1, 5]]
4.24.0-4.a.1.1|4|[[1, 0, 2, 3], [1, 2, 0, 1]]
4.24.0-4.a.1.2|4|[[1, 0, 2, 3], [3, 2, 2, 1]]
8.24.0-4.a.1.1|8|[[1, 6, 4, 1], [3, 0, 0, 7], [3, 0, 4, 7], [5, 6, 6, 3]]
8.24.0-4.a.1.2|8|[[1, 2, 0, 1], [3, 4, 4, 3], [7, 0, 6, 5], [7, 6, 2, 5]]
8.24.0-4.a.1.3|8|[[1, 6, 6, 3], [5, 6, 6, 3], [7, 2, 4, 3], [7, 4, 4, 3]]
8.24.0-4.a.1.4|8|[[1, 2, 4, 5], [1, 6, 0, 5], [5, 2, 6, 7], [7, 2, 2, 1]]
8.24.0-4.a.1.5|8|[[1, 6, 2, 7], [3, 4, 6, 1], [7, 0, 4, 7], [7, 4, 2, 1]]
8.24.0-4.a.1.6|8|[[1, 2, 4, 1], [5, 0, 0, 1], [5, 4, 6, 7], [7, 6, 2, 5]]
4.24.0-4.b.1.1|4|[[1, 2, 0, 1], [3, 0, 0, 1]]
4.24.0-4.b.1.2|4|[[3, 0, 0, 1], [3, 2, 0, 3]]
4.24.0-4.b.1.3|4|[[1, 2, 0, 1], [1, 2, 0, 3]]
8.24.0-4.b.1.1|8|[[1, 2, 0, 1], [1, 4, 0, 3], [1, 6, 4, 1], [3, 2, 4, 1], [7, 6, 0, 1]]
8.24.0-4.b.1.2|8|[[3, 0, 0, 1], [3, 0, 4, 1], [5, 2, 4, 3], [5, 4, 4, 3], [5, 6, 0, 5]]
8.24.0-4.b.1.3|8|[[1, 0, 4, 5], [1, 4, 0, 3], [3, 0, 4, 3], [3, 4, 4, 7], [5, 6, 4, 3]]
8.24.0-4.b.1.4|8|[[1, 2, 0, 1], [3, 6, 0, 5], [3, 6, 0, 7], [5, 0, 0, 5], [7, 2, 4, 5]]
8.24.0-4.b.1.5|8|[[3, 0, 4, 5], [3, 2, 4, 5], [5, 6, 0, 3], [5, 6, 0, 5], [7, 2, 4, 3]]
8.24.0-4.b.1.6|8|[[1, 2, 4, 7], [3, 0, 0, 5], [3, 2, 4, 1], [7, 6, 0, 5], [7, 6, 4, 5]]
8.24.0-4.b.1.7|8|[[1, 0, 4, 7], [1, 4, 4, 5], [1, 6, 4, 1], [5, 4, 0, 7], [7, 2, 0, 7]]
8.24.0-4.b.1.8|8|[[1, 2, 0, 5], [3, 0, 4, 3], [5, 0, 4, 7], [7, 4, 0, 3], [7, 4, 4, 5]]
8.24.0-4.b.1.9|8|[[1, 0, 0, 7], [1, 2, 4, 1], [3, 0, 4, 1], [7, 4, 4, 3], [7, 6, 0, 7]]
8.24.0-4.b.1.10|8|[[1, 6, 4, 7], [3, 0, 0, 3], [5, 4, 4, 7], [5, 6, 4, 1], [7, 0, 0, 1]]
8.24.0-4.b.1.11|8|[[1, 0, 0, 3], [1, 6, 4, 1], [3, 6, 4, 5], [7, 0, 4, 3], [7, 2, 4, 3]]
4.24.0-4.c.1.1|4|[[3, 1, 2, 3]]
8.24.0-4.c.1.1|8|[[5, 6, 0, 5], [7, 3, 2, 3], [7, 4, 0, 3]]
8.24.0-4.c.1.2|8|[[3, 3, 6, 7], [5, 2, 0, 5], [7, 2, 4, 3]]
8.24.0-4.c.1.3|8|[[5, 2, 0, 1], [5, 2, 4, 1], [5, 3, 6, 5]]
4.24.0-4.d.1.1|4|[[1, 2, 0, 1], [3, 3, 0, 1]]
4.24.0-4.d.1.2|4|[[3, 2, 0, 3], [3, 3, 0, 1]]
8.24.0-4.d.1.1|8|[[3, 1, 0, 5], [5, 2, 0, 5], [5, 3, 4, 3], [7, 3, 4, 5]]
8.24.0-4.d.1.2|8|[[1, 7, 4, 3], [3, 1, 0, 5], [5, 0, 4, 1], [5, 5, 4, 7]]
8.24.0-4.d.1.3|8|[[5, 4, 0, 1], [5, 5, 0, 3], [7, 4, 4, 3], [7, 6, 4, 3]]
8.24.0-4.d.1.4|8|[[1, 5, 0, 3], [5, 3, 0, 3], [5, 3, 4, 7], [7, 7, 4, 5]]
8.24.0-4.d.1.5|8|[[1, 5, 0, 3], [1, 6, 4, 1], [3, 1, 4, 1], [7, 1, 0, 5]]
8.24.0-4.d.1.6|8|[[1, 5, 0, 7], [5, 0, 0, 1], [7, 1, 0, 5], [7, 3, 4, 5]]
4.48.0-4.a.1.1|4|[[1, 2, 2, 3]]
8.48.0-4.a.1.1|8|[[1, 0, 4, 1], [1, 4, 0, 1], [7, 0, 0, 3], [7, 2, 2, 1]]
8.48.0-4.a.1.2|8|[[1, 4, 0, 1], [5, 0, 4, 1], [7, 0, 0, 3], [7, 2, 2, 1]]
8.48.0-4.a.1.3|8|[[1, 0, 4, 5], [5, 4, 0, 1], [7, 0, 0, 3], [7, 2, 2, 1]]
4.48.0-4.b.1.1|4|[[1, 0, 0, 3]]
8.48.0-4.b.1.1|8|[[1, 0, 4, 1], [1, 4, 0, 1], [3, 0, 0, 1], [3, 0, 0, 3], [5, 0, 0, 1]]
8.48.0-4.b.1.2|8|[[1, 0, 0, 3], [1, 0, 4, 1], [1, 4, 0, 1], [5, 4, 4, 5], [7, 0, 0, 1]]
8.48.0-4.b.1.3|8|[[1, 4, 0, 1], [3, 0, 0, 1], [3, 0, 0, 3], [5, 0, 0, 1], [5, 4, 4, 5]]
8.48.0-4.b.1.4|8|[[1, 4, 0, 1], [3, 0, 0, 3], [5, 0, 4, 1], [5, 4, 4, 5], [7, 0, 0, 1]]
8.48.0-4.b.1.5|8|[[1, 4, 0, 1], [5, 4, 0, 5], [7, 0, 0, 1], [7, 4, 4, 5], [7, 4, 4, 7]]
8.48.0-4.b.1.6|8|[[1, 4, 0, 1], [5, 0, 0, 1], [5, 4, 0, 5], [7, 4, 4, 5], [7, 4, 4, 7]]
8.48.0-4.b.1.7|8|[[1, 0, 0, 5], [1, 0, 4, 3], [1, 4, 4, 5], [3, 0, 0, 3], [5, 4, 0, 5]]
8.48.0-4.b.1.8|8|[[1, 0, 0, 3], [1, 0, 4, 5], [1, 4, 4, 1], [3, 4, 0, 3], [5, 4, 4, 5]]
8.48.0-4.b.1.9|8|[[1, 4, 4, 1], [3, 4, 0, 1], [3, 4, 0, 3], [5, 0, 0, 1], [5, 4, 4, 5]]
8.48.0-4.b.1.10|8|[[1, 0, 4, 1], [1, 4, 0, 1], [3, 0, 0, 3], [7, 0, 0, 1], [7, 4, 4, 5]]
4.48.0-4.c.1.1|4|[[3, 3, 0, 1]]
8.48.0-4.c.1.1|8|[[1, 3, 0, 3], [3, 1, 4, 1], [5, 4, 4, 5]]
8.48.0-4.c.1.2|8|[[3, 0, 4, 3], [3, 5, 4, 1], [7, 4, 4, 3]]
8.48.0-4.c.1.3|8|[[1, 3, 4, 3], [3, 0, 0, 7], [7, 0, 4, 7]]
5.24.0-5.a.1.1|5|[[1, 4, 0, 1], [4, 0, 0, 2]]
5.24.0-5.a.1.2|5|[[1, 2, 0, 3], [1, 4, 0, 3]]
10.24.0-5.a.1.1|10|[[1, 9, 0, 9], [8, 3, 7, 8]]
10.24.0-5.a.1.2|10|[[3, 4, 5, 1], [9, 5, 6, 1]]
5.24.0-5.a.2.1|5|[[1, 3, 0, 1], [3, 4, 0, 4]]
5.24.0-5.a.2.2|5|[[2, 2, 0, 1], [3, 1, 0, 1]]
10.24.0-5.a.2.1|10|[[5, 9, 8, 9], [6, 3, 9, 5]]
10.24.0-5.a.2.2|10|[[3, 8, 3, 5], [4, 7, 5, 8]]
5.120.0-5.a.1.1|5|[[4, 0, 0, 2]]
5.120.0-5.a.1.2|5|[[1, 0, 0, 3]]
10.120.0-5.a.1.1|10|[[1, 3, 5, 2], [9, 9, 0, 7]]
10.120.0-5.a.1.2|10|[[4, 5, 5, 4], [4, 9, 5, 7]]
6.16.0-6.a.1.1|6|[[1, 1, 3, 4], [5, 0, 0, 1]]
6.16.0-6.a.1.2|6|[[4, 3, 3, 5], [4, 5, 3, 5]]
6.16.0-6.b.1.1|6|[[2, 1, 3, 4], [5, 2, 3, 1], [5, 5, 0, 1]]
6.16.0-6.b.1.2|6|[[1, 1, 3, 4], [1, 2, 3, 5], [1, 4, 3, 5]]
6.24.0-6.a.1.1|6|[[5, 1, 0, 5], [5, 5, 0, 1]]
6.24.0-6.a.1.2|6|[[1, 1, 0, 1], [5, 1, 0, 1]]
6.24.0-6.a.1.3|6|[[1, 5, 0, 5], [5, 2, 0, 1]]
6.24.0-6.a.1.4|6|[[1, 0, 0, 5], [1, 1, 0, 1]]
6.48.0-6.a.1.1|6|[[1, 0, 0, 5], [1, 2, 0, 1]]
6.48.0-6.a.1.2|6|[[1, 4, 0, 1], [5, 0, 0, 1]]
6.48.0-6.b.1.1|6|[[1, 2, 0, 1], [5, 3, 0, 1]]
6.48.0-6.b.1.2|6|[[1, 1, 0, 5], [1, 5, 0, 5]]
6.48.0-6.c.1.1|6|[[5, 3, 0, 1], [5, 4, 3, 1]]
6.48.0-6.c.1.2|6|[[1, 2, 3, 5], [4, 1, 3, 2]]
6.48.1-6.a.1.1|6|[[4, 3, 3, 5]]
6.48.1-6.b.1.1|6|[[1, 5, 0, 5], [4, 5, 3, 2]]
6.72.0-6.a.1.1|6|[[1, 3, 0, 1], [5, 0, 0, 1]]
6.72.0-6.a.1.2|6|[[1, 0, 0, 5], [5, 3, 0, 5]]
6.144.1-6.a.1.1|6|[[5, 0, 0, 1]]
6.144.1-6.b.1.1|6|[[5, 3, 0, 1]]
7.16.0-7.a.1.1|7|[[5, 3, 0, 2], [6, 0, 0, 2]]
7.16.0-7.a.1.2|7|[[2, 1, 0, 2], [4, 1, 0, 5]]
7.48.0-7.a.1.1|7|[[1, 2, 0, 1], [6, 2, 0, 4]]
7.48.0-7.a.1.2|7|[[1, 1, 0, 5], [1, 5, 0, 2]]
7.48.0-7.a.2.1|7|[[1, 2, 0, 6], [2, 0, 0, 6]]
7.48.0-7.a.2.2|7|[[4, 3, 0, 1], [6, 3, 0, 1]]
7.48.0-7.b.1.1|7|[[3, 1, 0, 4], [3, 6, 0, 4]]
7.48.0-7.b.1.2|7|[[2, 2, 0, 5], [4, 1, 0, 4]]
7.112.1-7.a.1.1|7|[[2, 0, 0, 2], [5, 0, 0, 4]]
7.112.1-7.b.1.1|7|[[0, 1, 1, 0], [2, 0, 0, 1]]
7.336.3-7.a.1.1|7|[[4, 0, 0, 3]]
7.336.3-7.b.1.1|7|[[4, 0, 0, 6]]
7.336.3-7.b.1.2|7|[[3, 0, 0, 1]]
8.24.0-8.a.1.1|8|[[1, 6, 0, 1], [3, 2, 6, 3], [5, 4, 2, 7]]
8.24.0-8.a.1.2|8|[[1, 0, 2, 5], [1, 2, 6, 7], [5, 6, 4, 5]]
8.24.0-8.a.1.3|8|[[1, 4, 2, 3], [1, 4, 6, 5], [3, 2, 4, 3]]
8.24.0-8.a.1.4|8|[[3, 0, 2, 1], [3, 2, 4, 5], [3, 4, 2, 7]]
8.24.0-8.b.1.1|8|[[3, 6, 0, 1], [5, 0, 2, 3], [7, 4, 4, 5]]
8.24.0-8.b.1.2|8|[[1, 2, 4, 3], [5, 4, 6, 3], [5, 6, 0, 5]]
8.24.0-8.b.1.3|8|[[3, 6, 2, 3], [5, 0, 2, 3], [7, 2, 2, 5]]
8.24.0-8.b.1.4|8|[[1, 6, 6, 1], [3, 0, 2, 5], [5, 4, 4, 7]]
8.24.0-8.c.1.1|8|[[1, 5, 0, 5], [1, 5, 2, 1]]
8.24.0-8.c.1.2|8|[[1, 7, 2, 5], [7, 5, 0, 3]]
8.24.0-8.d.1.1|8|[[1, 1, 0, 5], [3, 3, 0, 5], [5, 1, 4, 5]]
8.24.0-8.d.1.2|8|[[1, 2, 4, 1], [3, 3, 4, 1], [5, 0, 4, 7]]
8.24.0-8.d.1.3|8|[[3, 0, 4, 1], [3, 0, 4, 3], [5, 1, 0, 1]]
8.24.0-8.d.1.4|8|[[1, 0, 0, 3], [1, 1, 4, 1], [7, 2, 4, 5]]
8.24.0-8.g.1.1|8|[[1, 1, 6, 1], [7, 2, 6, 7]]
8.24.0-8.g.1.2|8|[[7, 3, 4, 5], [7, 5, 6, 7]]
8.24.0-8.h.1.1|8|[[1, 7, 0, 5], [1, 7, 2, 1]]
8.24.0-8.h.1.2|8|[[1, 3, 2, 1], [1, 3, 4, 1]]
8.24.0-8.j.1.1|8|[[1, 3, 6, 1], [7, 6, 2, 7]]
8.24.0-8.j.1.2|8|[[5, 3, 2, 1], [7, 0, 6, 3]]
8.24.0-8.k.1.1|8|[[1, 1, 0, 5], [1, 1, 4, 1], [3, 7, 0, 1]]
8.24.0-8.k.1.2|8|[[5, 0, 4, 3], [5, 1, 0, 1], [5, 7, 4, 5]]
8.24.0-8.k.1.3|8|[[3, 3, 4, 5], [5, 4, 0, 3], [7, 0, 4, 7]]
8.24.0-8.k.1.4|8|[[3, 4, 0, 5], [3, 4, 4, 3], [7, 5, 0, 3]]
8.24.0-8.m.1.1|8|[[1, 0, 4, 5], [5, 2, 0, 3], [7, 1, 0, 3]]
8.24.0-8.m.1.2|8|[[1, 1, 4, 3], [7, 2, 4, 3], [7, 3, 0, 3]]
8.24.0-8.m.1.3|8|[[1, 2, 4, 5], [3, 4, 0, 5], [7, 1, 0, 3]]
8.24.0-8.m.1.4|8|[[3, 0, 0, 5], [3, 0, 4, 7], [5, 3, 0, 7]]
8.24.0-8.m.1.5|8|[[1, 2, 4, 3], [5, 5, 4, 7], [7, 1, 4, 3]]
8.24.0-8.m.1.6|8|[[1, 1, 0, 5], [1, 3, 4, 5], [3, 6, 0, 5]]
8.24.0-8.m.1.7|8|[[3, 0, 4, 7], [7, 3, 4, 3], [7, 7, 4, 5]]
8.24.0-8.m.1.8|8|[[1, 7, 0, 5], [5, 2, 0, 3], [5, 6, 4, 7]]
8.24.0-8.n.1.1|8|[[3, 2, 0, 1], [5, 1, 0, 5], [5, 3, 0, 1], [7, 5, 0, 3]]
8.24.0-8.n.1.2|8|[[1, 0, 0, 7], [5, 2, 0, 5], [5, 4, 0, 1], [5, 5, 0, 3]]
8.24.0-8.n.1.3|8|[[1, 6, 0, 7], [5, 5, 0, 3], [5, 6, 0, 7], [7, 6, 0, 3]]
8.24.0-8.n.1.4|8|[[1, 3, 0, 3], [3, 2, 0, 1], [5, 5, 0, 1], [7, 7, 0, 7]]
8.24.0-8.n.1.5|8|[[1, 7, 0, 3], [5, 3, 0, 5], [7, 3, 0, 7], [7, 5, 0, 3]]
8.24.0-8.n.1.6|8|[[3, 1, 0, 5], [5, 7, 0, 1], [7, 1, 0, 1], [7, 7, 0, 5]]
8.24.0-8.n.1.7|8|[[3, 1, 0, 1], [3, 1, 0, 3], [3, 2, 0, 3], [5, 5, 0, 1]]
8.24.0-8.n.1.8|8|[[1, 3, 0, 7], [3, 0, 0, 5], [3, 5, 0, 1], [7, 6, 0, 1]]
8.24.0-8.n.1.9|8|[[1, 1, 0, 1], [1, 5, 0, 3], [3, 3, 0, 7], [5, 4, 0, 5]]
8.24.0-8.n.1.10|8|[[3, 1, 0, 3], [5, 2, 0, 5], [5, 3, 0, 7], [7, 2, 0, 1]]
8.24.0-8.n.1.11|8|[[1, 6, 0, 7], [1, 7, 0, 1], [5, 1, 0, 3], [7, 5, 0, 3]]
8.24.0-8.n.1.12|8|[[3, 1, 0, 3], [3, 7, 0, 5], [5, 2, 0, 3], [5, 2, 0, 7]]
8.24.0-8.o.1.1|8|[[3, 3, 4, 7], [5, 6, 0, 1], [7, 1, 4, 1]]
8.24.0-8.o.1.2|8|[[1, 5, 4, 3], [5, 2, 0, 3], [7, 5, 4, 1]]
8.24.0-8.o.1.3|8|[[1, 2, 0, 5], [3, 1, 4, 3], [5, 7, 4, 3]]
8.24.0-8.o.1.4|8|[[1, 1, 4, 5], [1, 1, 4, 7], [3, 1, 4, 1]]
8.24.0-8.o.1.5|8|[[1, 2, 0, 3], [3, 5, 4, 7], [3, 6, 0, 5]]
8.24.0-8.o.1.6|8|[[3, 3, 4, 1], [5, 1, 4, 5], [7, 0, 0, 1]]
8.24.0-8.o.1.7|8|[[1, 5, 4, 1], [3, 4, 0, 1], [5, 3, 4, 3]]
8.24.0-8.o.1.8|8|[[1, 1, 4, 3], [1, 7, 4, 5], [5, 5, 4, 3]]
8.24.0-8.p.1.1|8|[[5, 2, 4, 3], [5, 4, 4, 1], [7, 3, 0, 3]]
8.24.0-8.p.1.2|8|[[7, 4, 0, 5], [7, 4, 4, 3], [7, 5, 4, 1]]
8.24.0-8.p.1.3|8|[[1, 3, 0, 7], [3, 4, 4, 5], [7, 5, 0, 3]]
8.24.0-8.p.1.4|8|[[3, 3, 0, 7], [7, 6, 4, 3], [7, 7, 0, 1]]
8.24.0-8.p.1.5|8|[[1, 7, 0, 5], [7, 3, 4, 3], [7, 5, 4, 1]]
8.24.0-8.p.1.6|8|[[5, 6, 4, 1], [7, 2, 0, 5], [7, 7, 4, 1]]
8.24.0-8.p.1.7|8|[[1, 1, 4, 7], [3, 6, 4, 7], [5, 3, 0, 1]]
8.24.0-8.p.1.8|8|[[1, 7, 0, 5], [5, 0, 4, 3], [5, 4, 0, 7]]
8.24.1-8.b.1.1|8|[[5, 1, 6, 5], [7, 3, 6, 1], [7, 3, 6, 5]]
8.24.1-8.b.1.2|8|[[1, 0, 0, 7], [3, 5, 6, 3], [7, 4, 0, 3]]
8.24.1-8.b.1.3|8|[[3, 3, 2, 3], [5, 6, 4, 1], [7, 0, 0, 5]]
8.24.1-8.b.1.4|8|[[5, 0, 0, 1], [5, 3, 6, 3], [7, 1, 6, 3]]
8.48.0-8.a.1.1|8|[[1, 0, 4, 1], [1, 2, 4, 5], [7, 0, 2, 1]]
8.48.0-8.a.1.2|8|[[1, 0, 6, 7], [1, 2, 0, 5], [7, 6, 4, 3]]
8.48.0-8.a.1.3|8|[[3, 2, 0, 7], [3, 2, 6, 5], [7, 6, 2, 1]]
8.48.0-8.a.1.4|8|[[5, 2, 4, 1], [5, 6, 2, 3], [7, 4, 4, 7]]
8.48.0-8.b.1.1|8|[[3, 0, 2, 1], [3, 2, 6, 1], [3, 6, 2, 1]]
8.48.0-8.b.1.2|8|[[1, 6, 0, 5], [3, 6, 4, 7], [7, 6, 6, 5]]
8.48.0-8.b.1.3|8|[[1, 0, 4, 1], [1, 4, 6, 3], [7, 2, 2, 5]]
8.48.0-8.b.1.4|8|[[1, 6, 2, 3], [3, 0, 4, 3], [3, 2, 0, 7]]
8.48.0-8.c.1.1|8|[[1, 2, 0, 3], [3, 2, 0, 1], [3, 6, 4, 7], [7, 4, 0, 1]]
8.48.0-8.c.1.2|8|[[1, 6, 0, 5], [3, 4, 0, 5], [5, 2, 4, 1], [7, 0, 0, 1]]
8.48.0-8.c.1.3|8|[[1, 0, 4, 1], [5, 2, 4, 1], [5, 4, 4, 3], [7, 0, 0, 1]]
8.48.0-8.c.1.4|8|[[3, 0, 4, 3], [3, 4, 4, 5], [5, 6, 0, 7], [7, 4, 4, 1]]
8.48.0-8.c.1.5|8|[[1, 4, 4, 7], [3, 2, 4, 1], [7, 6, 0, 5], [7, 6, 4, 5]]
8.48.0-8.c.1.6|8|[[1, 0, 0, 7], [1, 0, 4, 1], [1, 6, 0, 5], [3, 4, 0, 3]]
8.48.0-8.c.1.7|8|[[1, 4, 4, 7], [3, 0, 0, 5], [3, 2, 4, 1], [5, 2, 0, 7]]
8.48.0-8.c.1.8|8|[[1, 6, 0, 5], [3, 4, 0, 3], [5, 6, 0, 7], [7, 6, 4, 3]]
8.48.0-8.c.1.9|8|[[1, 2, 0, 3], [1, 2, 0, 5], [5, 0, 0, 5], [5, 2, 4, 1]]
8.48.0-8.c.1.10|8|[[1, 2, 0, 3], [3, 4, 4, 5], [5, 2, 4, 7], [5, 4, 0, 5]]
8.48.0-8.d.1.1|8|[[1, 6, 4, 7], [3, 6, 4, 7], [5, 6, 0, 5], [7, 6, 4, 5]]
8.48.0-8.d.1.2|8|[[1, 4, 0, 5], [3, 4, 4, 5], [5, 6, 4, 1], [7, 6, 4, 5]]
8.48.0-8.d.1.3|8|[[3, 2, 4, 3], [5, 2, 0, 5], [5, 4, 4, 3], [7, 6, 4, 5]]
8.48.0-8.d.1.4|8|[[1, 4, 0, 5], [5, 0, 0, 7], [7, 0, 4, 3], [7, 2, 4, 5]]
8.48.0-8.d.1.5|8|[[3, 0, 4, 5], [3, 2, 0, 3], [3, 2, 0, 7], [5, 2, 4, 5]]
8.48.0-8.d.1.6|8|[[1, 2, 4, 3], [3, 0, 4, 1], [3, 6, 4, 7], [7, 0, 0, 3]]
8.48.0-8.d.1.7|8|[[3, 0, 0, 5], [3, 2, 0, 7], [3, 4, 0, 1], [3, 6, 4, 3]]
8.48.0-8.d.1.8|8|[[3, 0, 4, 1], [5, 6, 4, 1], [7, 4, 4, 3], [7, 6, 4, 1]]
8.48.0-8.d.1.9|8|[[1, 2, 0, 3], [3, 0, 0, 5], [3, 2, 4, 7], [7, 6, 0, 1]]
8.48.0-8.d.1.10|8|[[1, 6, 4, 3], [5, 4, 0, 7], [5, 4, 4, 3], [5, 6, 0, 5]]
8.48.0-8.d.1.11|8|[[1, 2, 4, 3], [5, 6, 0, 5], [5, 6, 4, 1], [7, 4, 0, 3]]
8.48.0-8.d.1.12|8|[[3, 4, 0, 1], [7, 2, 0, 5], [7, 4, 4, 7], [7, 6, 0, 1]]
8.48.0-8.d.1.13|8|[[1, 0, 0, 5], [3, 2, 0, 3], [7, 0, 4, 3], [7, 2, 4, 5]]
8.48.0-8.d.1.14|8|[[1, 2, 4, 7], [3, 6, 0, 3], [5, 6, 4, 5], [7, 4, 0, 3]]
8.48.0-8.d.1.15|8|[[1, 0, 4, 5], [1, 4, 0, 5], [5, 4, 0, 7], [7, 2, 4, 5]]
8.48.0-8.d.1.16|8|[[1, 0, 4, 1], [1, 6, 0, 7], [5, 2, 0, 1], [7, 2, 0, 5]]
8.48.0-8.d.2.1|8|[[5, 2, 4, 5], [5, 2, 4, 7], [5, 4, 0, 1], [5, 6, 0, 5]]
8.48.0-8.d.2.2|8|[[1, 6, 0, 5], [3, 2, 0, 1], [7, 0, 0, 5], [7, 0, 4, 5]]
8.48.0-8.d.2.3|8|[[3, 0, 4, 7], [3, 4, 0, 5], [3, 6, 0, 1], [7, 6, 4, 3]]
8.48.0-8.d.2.4|8|[[3, 2, 4, 1], [5, 4, 0, 3], [7, 0, 4, 5], [7, 2, 4, 1]]
8.48.0-8.d.2.5|8|[[1, 4, 4, 1], [5, 2, 0, 7], [7, 2, 4, 3], [7, 6, 4, 1]]
8.48.0-8.d.2.6|8|[[3, 6, 0, 1], [5, 4, 0, 3], [5, 6, 0, 5], [7, 6, 4, 3]]
8.48.0-8.d.2.7|8|[[3, 4, 4, 5], [3, 6, 4, 3], [7, 0, 0, 5], [7, 6, 4, 1]]
8.48.0-8.d.2.8|8|[[3, 2, 4, 1], [3, 4, 0, 5], [5, 6, 0, 5], [7, 4, 4, 7]]
8.48.0-8.d.2.9|8|[[1, 2, 0, 5], [3, 2, 0, 3], [5, 0, 4, 1], [5, 2, 0, 7]]
8.48.0-8.d.2.10|8|[[1, 6, 0, 7], [3, 0, 0, 5], [5, 0, 4, 1], [5, 2, 4, 5]]
8.48.0-8.d.2.11|8|[[1, 6, 0, 5], [1, 6, 4, 5], [3, 2, 0, 3], [3, 4, 4, 5]]
8.48.0-8.d.2.12|8|[[3, 2, 4, 3], [7, 2, 0, 1], [7, 4, 4, 5], [7, 6, 4, 1]]
8.48.0-8.d.2.13|8|[[1, 0, 4, 3], [3, 2, 0, 3], [5, 0, 4, 3], [7, 4, 0, 5]]
8.48.0-8.d.2.14|8|[[3, 2, 0, 3], [3, 4, 4, 7], [7, 0, 4, 7], [7, 4, 4, 5]]
8.48.0-8.d.2.15|8|[[1, 4, 4, 1], [1, 4, 4, 3], [3, 6, 0, 3], [5, 4, 0, 3]]
8.48.0-8.d.2.16|8|[[1, 2, 0, 7], [5, 4, 4, 1], [7, 6, 0, 3], [7, 6, 4, 3]]
8.48.0-8.e.1.1|8|[[1, 4, 4, 1], [3, 6, 0, 1], [7, 0, 0, 1], [7, 2, 0, 1]]
8.48.0-8.e.1.2|8|[[1, 6, 4, 7], [3, 0, 4, 7], [3, 4, 0, 1], [5, 4, 0, 1]]
8.48.0-8.e.1.3|8|[[1, 0, 4, 1], [3, 0, 0, 1], [3, 2, 4, 1], [3, 2, 4, 7]]
8.48.0-8.e.1.4|8|[[1, 2, 0, 7], [5, 6, 4, 1], [7, 4, 4, 1], [7, 6, 4, 1]]
8.48.0-8.e.1.5|8|[[1, 0, 0, 7], [3, 6, 4, 1], [7, 4, 4, 7], [7, 6, 0, 7]]
8.48.0-8.e.1.6|8|[[1, 0, 0, 7], [3, 0, 4, 7], [7, 6, 0, 7], [7, 6, 4, 7]]
8.48.0-8.e.1.7|8|[[1, 4, 4, 7], [3, 0, 4, 7], [7, 0, 4, 7], [7, 2, 4, 1]]
8.48.0-8.e.1.8|8|[[1, 2, 4, 7], [3, 0, 0, 1], [7, 0, 0, 1], [7, 2, 0, 7]]
8.48.0-8.e.1.9|8|[[1, 6, 0, 1], [1, 6, 0, 7], [5, 0, 4, 1], [5, 4, 0, 1]]
8.48.0-8.e.1.10|8|[[1, 6, 0, 1], [3, 2, 4, 1], [5, 0, 0, 1], [7, 2, 4, 7]]
8.48.0-8.e.1.11|8|[[3, 2, 0, 7], [3, 6, 4, 7], [7, 0, 0, 1], [7, 6, 4, 1]]
8.48.0-8.e.1.12|8|[[1, 2, 4, 7], [1, 4, 4, 7], [3, 2, 4, 1], [7, 6, 4, 7]]
8.48.0-8.e.1.13|8|[[1, 4, 4, 7], [3, 6, 4, 7], [5, 2, 4, 7], [5, 4, 4, 1]]
8.48.0-8.e.1.14|8|[[1, 6, 0, 7], [1, 6, 4, 7], [5, 4, 0, 7], [7, 0, 4, 1]]
8.48.0-8.e.1.15|8|[[1, 4, 0, 7], [3, 4, 4, 7], [5, 0, 0, 7], [7, 6, 0, 7]]
8.48.0-8.e.1.16|8|[[3, 6, 0, 7], [5, 0, 0, 1], [5, 0, 4, 1], [7, 2, 4, 1]]
8.48.0-8.e.2.1|8|[[1, 4, 0, 3], [3, 6, 4, 7], [7, 0, 0, 1], [7, 0, 4, 3]]
8.48.0-8.e.2.2|8|[[1, 0, 4, 3], [1, 0, 4, 7], [5, 2, 0, 1], [5, 2, 0, 7]]
8.48.0-8.e.2.3|8|[[1, 0, 4, 1], [3, 6, 0, 1], [5, 2, 4, 5], [7, 4, 0, 3]]
8.48.0-8.e.2.4|8|[[3, 6, 0, 5], [3, 6, 4, 1], [5, 2, 0, 5], [5, 2, 4, 5]]
8.48.0-8.e.2.5|8|[[1, 0, 4, 3], [1, 0, 4, 5], [3, 6, 4, 5], [7, 4, 4, 7]]
8.48.0-8.e.2.6|8|[[1, 4, 4, 3], [5, 2, 0, 1], [5, 6, 0, 5], [7, 4, 4, 7]]
8.48.0-8.e.2.7|8|[[3, 6, 0, 5], [3, 6, 0, 7], [7, 0, 4, 5], [7, 4, 0, 3]]
8.48.0-8.e.2.8|8|[[1, 4, 0, 3], [3, 6, 4, 3], [3, 6, 4, 7], [5, 2, 0, 3]]
8.48.0-8.e.2.9|8|[[1, 0, 4, 3], [1, 4, 4, 7], [3, 6, 0, 7], [5, 2, 4, 1]]
8.48.0-8.e.2.10|8|[[1, 0, 0, 7], [5, 6, 4, 5], [7, 0, 0, 5], [7, 4, 4, 1]]
8.48.0-8.e.2.11|8|[[3, 2, 0, 7], [3, 6, 0, 1], [5, 6, 4, 3], [7, 0, 4, 1]]
8.48.0-8.e.2.12|8|[[1, 4, 4, 5], [3, 2, 0, 3], [5, 6, 0, 3], [7, 0, 4, 7]]
8.48.0-8.e.2.13|8|[[1, 0, 4, 5], [3, 6, 0, 5], [3, 6, 4, 5], [3, 6, 4, 7]]
8.48.0-8.e.2.14|8|[[1, 4, 4, 1], [3, 2, 4, 1], [3, 6, 4, 3], [5, 2, 4, 1]]
8.48.0-8.e.2.15|8|[[1, 4, 4, 5], [5, 2, 4, 7], [7, 0, 0, 1], [7, 0, 0, 5]]
8.48.0-8.e.2.16|8|[[3, 2, 0, 5], [3, 2, 4, 5], [5, 6, 4, 7], [7, 0, 4, 5]]
8.48.0-8.f.1.1|8|[[1, 4, 4, 5], [3, 2, 2, 1], [5, 6, 4, 1]]
8.48.0-8.f.1.2|8|[[1, 4, 2, 3], [3, 4, 2, 5], [5, 6, 2, 3]]
8.48.0-8.f.1.3|8|[[1, 6, 4, 5], [3, 6, 6, 5], [5, 6, 6, 7]]
8.48.0-8.f.1.4|8|[[3, 2, 0, 3], [3, 6, 2, 1], [7, 2, 6, 1]]
8.48.0-8.g.1.1|8|[[3, 6, 6, 1], [5, 0, 0, 1], [7, 0, 6, 5]]
8.48.0-8.g.1.2|8|[[7, 0, 0, 3], [7, 4, 6, 1], [7, 6, 0, 3]]
8.48.0-8.g.1.3|8|[[1, 6, 2, 3], [3, 6, 6, 5], [7, 0, 6, 1]]
8.48.0-8.g.1.4|8|[[5, 0, 0, 1], [5, 4, 2, 7], [7, 2, 6, 5]]
8.48.0-8.h.1.1|8|[[1, 2, 0, 7], [3, 4, 0, 3], [7, 0, 0, 1], [7, 0, 4, 3]]
8.48.0-8.h.1.2|8|[[3, 0, 0, 5], [5, 4, 0, 5], [5, 6, 0, 5], [7, 2, 4, 5]]
8.48.0-8.h.1.3|8|[[1, 0, 0, 7], [1, 6, 0, 7], [5, 4, 0, 5], [7, 4, 4, 3]]
8.48.0-8.h.1.4|8|[[3, 2, 4, 1], [3, 6, 0, 3], [5, 6, 4, 1], [7, 6, 4, 5]]
8.48.0-8.h.1.5|8|[[1, 2, 0, 1], [1, 4, 0, 7], [3, 0, 0, 5], [3, 0, 4, 7]]
8.48.0-8.h.1.6|8|[[1, 0, 0, 7], [3, 2, 0, 5], [5, 4, 4, 7], [7, 6, 0, 1]]
8.48.0-8.h.1.7|8|[[1, 2, 0, 1], [3, 2, 4, 7], [5, 6, 0, 3], [7, 2, 0, 1]]
8.48.0-8.h.1.8|8|[[3, 0, 0, 3], [3, 6, 0, 5], [5, 2, 4, 1], [7, 4, 0, 1]]
8.48.0-8.h.1.9|8|[[1, 2, 4, 5], [5, 2, 4, 7], [5, 4, 4, 1], [5, 6, 0, 3]]
8.48.0-8.h.1.10|8|[[1, 4, 4, 3], [3, 4, 0, 5], [5, 4, 0, 5], [7, 6, 0, 1]]
8.48.0-8.i.1.1|8|[[1, 0, 0, 3], [3, 2, 0, 1], [5, 6, 0, 3], [7, 6, 0, 1]]
8.48.0-8.i.1.2|8|[[1, 2, 0, 1], [3, 4, 0, 1], [5, 2, 0, 5], [5, 4, 0, 1]]
8.48.0-8.i.1.3|8|[[1, 4, 0, 5], [1, 6, 0, 5], [3, 6, 0, 1], [3, 6, 0, 7]]
8.48.0-8.i.1.4|8|[[5, 0, 0, 5], [5, 2, 0, 3], [5, 4, 0, 3], [7, 6, 0, 3]]
8.48.0-8.i.1.5|8|[[1, 2, 0, 7], [5, 0, 0, 5], [5, 0, 0, 7], [7, 6, 0, 5]]
8.48.0-8.i.1.6|8|[[1, 4, 0, 7], [3, 4, 0, 1], [5, 2, 0, 3], [7, 6, 0, 7]]
8.48.0-8.i.1.7|8|[[1, 0, 0, 7], [3, 2, 0, 5], [5, 0, 0, 1], [7, 6, 0, 1]]
8.48.0-8.i.1.8|8|[[1, 2, 0, 5], [5, 6, 0, 3], [7, 2, 0, 7], [7, 4, 0, 5]]
8.48.0-8.i.1.9|8|[[1, 2, 0, 1], [3, 2, 0, 5], [5, 2, 0, 1], [7, 4, 0, 3]]
8.48.0-8.i.1.10|8|[[1, 4, 0, 7], [1, 6, 0, 3], [5, 6, 0, 1], [5, 6, 0, 3]]
8.48.0-8.i.1.11|8|[[1, 2, 0, 1], [5, 4, 0, 3], [5, 6, 0, 7], [7, 4, 0, 5]]
8.48.0-8.i.1.12|8|[[1, 6, 0, 1], [3, 6, 0, 5], [5, 0, 0, 7], [5, 2, 0, 5]]
8.48.0-8.j.1.1|8|[[3, 0, 4, 1], [5, 1, 4, 7]]
8.48.0-8.j.1.2|8|[[1, 6, 4, 3], [3, 3, 4, 1]]
8.48.0-8.j.1.3|8|[[1, 6, 4, 3], [5, 1, 0, 1]]
8.48.0-8.j.1.4|8|[[3, 6, 4, 1], [5, 3, 0, 1]]
8.48.0-8.k.1.1|8|[[1, 3, 0, 7], [5, 5, 0, 3], [7, 3, 0, 3]]
8.48.0-8.k.1.2|8|[[1, 0, 0, 3], [5, 0, 0, 7], [5, 1, 0, 1]]
8.48.0-8.k.1.3|8|[[1, 6, 0, 3], [5, 3, 0, 1], [7, 7, 0, 1]]
8.48.0-8.k.1.4|8|[[5, 6, 0, 7], [7, 0, 0, 5], [7, 7, 0, 1]]
8.48.0-8.k.1.5|8|[[3, 1, 0, 7], [3, 7, 0, 5], [5, 4, 0, 5]]
8.48.0-8.k.1.6|8|[[3, 1, 0, 5], [3, 6, 0, 1], [5, 0, 0, 5]]
8.48.0-8.n.1.1|8|[[3, 0, 6, 1], [5, 5, 6, 7], [7, 7, 0, 1]]
8.48.0-8.n.1.2|8|[[5, 1, 6, 7], [5, 5, 4, 7], [7, 4, 2, 5]]
8.48.0-8.n.1.3|8|[[1, 1, 2, 7], [1, 5, 4, 3], [5, 5, 6, 7]]
8.48.0-8.n.1.4|8|[[5, 1, 0, 3], [5, 5, 6, 7], [7, 7, 6, 1]]
8.48.0-8.p.1.1|8|[[3, 3, 0, 1], [7, 1, 0, 5], [7, 1, 4, 5]]
8.48.0-8.p.1.2|8|[[7, 1, 0, 5], [7, 2, 4, 3], [7, 3, 0, 5]]
8.48.0-8.p.1.3|8|[[3, 7, 0, 1], [7, 2, 0, 7], [7, 7, 4, 5]]
8.48.0-8.p.1.4|8|[[1, 3, 4, 3], [1, 6, 4, 5], [3, 3, 4, 1]]
8.48.0-8.q.1.1|8|[[3, 0, 0, 3], [5, 5, 0, 3], [7, 0, 0, 3], [7, 5, 0, 1]]
8.48.0-8.q.1.2|8|[[5, 0, 0, 1], [5, 2, 0, 5], [7, 5, 0, 1], [7, 5, 0, 5]]
8.48.0-8.q.1.3|8|[[3, 2, 0, 3], [3, 5, 0, 5], [7, 2, 0, 3], [7, 5, 0, 1]]
8.48.0-8.q.1.4|8|[[3, 0, 0, 7], [3, 1, 0, 1], [3, 5, 0, 5], [7, 7, 0, 5]]
8.48.0-8.q.1.5|8|[[1, 5, 0, 3], [1, 7, 0, 3], [3, 1, 0, 5], [5, 6, 0, 5]]
8.48.0-8.q.1.6|8|[[3, 1, 0, 1], [7, 3, 0, 1], [7, 4, 0, 3], [7, 6, 0, 7]]
8.48.0-8.r.1.1|8|[[1, 5, 0, 3], [3, 2, 0, 5], [7, 0, 0, 1]]
8.48.0-8.r.1.2|8|[[1, 2, 0, 7], [1, 7, 0, 3], [5, 0, 0, 5]]
8.48.0-8.r.1.3|8|[[1, 7, 0, 3], [3, 3, 0, 1], [7, 0, 0, 1]]
8.48.0-8.r.1.4|8|[[3, 6, 0, 3], [5, 5, 0, 7], [7, 1, 0, 3]]
8.48.0-8.r.1.5|8|[[3, 5, 0, 1], [5, 0, 0, 3], [7, 7, 0, 5]]
8.48.0-8.r.1.6|8|[[3, 2, 0, 5], [7, 2, 0, 1], [7, 7, 0, 5]]
8.48.0-8.t.1.1|8|[[3, 7, 4, 1], [5, 3, 0, 7], [7, 2, 0, 3]]
8.48.0-8.t.1.2|8|[[1, 6, 0, 5], [5, 0, 4, 5], [7, 7, 0, 1]]
8.48.0-8.t.1.3|8|[[3, 3, 0, 5], [5, 7, 0, 7], [7, 1, 4, 1]]
8.48.0-8.t.1.4|8|[[1, 1, 0, 7], [1, 3, 0, 3], [7, 6, 4, 3]]
8.48.0-8.w.1.1|8|[[1, 2, 0, 5], [3, 3, 4, 1], [7, 1, 4, 5]]
8.48.0-8.w.1.2|8|[[1, 6, 0, 1], [1, 7, 4, 7], [3, 2, 0, 7]]
8.48.0-8.w.1.3|8|[[3, 0, 0, 7], [3, 1, 4, 5], [5, 6, 0, 1]]
8.48.0-8.w.1.4|8|[[1, 4, 0, 5], [3, 5, 4, 5], [3, 6, 0, 7]]
8.48.0-8.x.1.1|8|[[1, 6, 4, 5], [3, 7, 0, 5], [5, 4, 4, 1]]
8.48.0-8.x.1.2|8|[[1, 1, 0, 7], [3, 6, 4, 7], [5, 6, 0, 5]]
8.48.0-8.x.1.3|8|[[1, 3, 4, 7], [3, 2, 4, 7], [5, 0, 4, 1]]
8.48.0-8.x.1.4|8|[[5, 3, 0, 3], [7, 1, 4, 1], [7, 6, 0, 7]]
8.48.0-8.y.1.1|8|[[1, 1, 4, 1], [3, 6, 0, 5]]
8.48.0-8.y.1.2|8|[[1, 2, 0, 7], [1, 5, 4, 1]]
8.48.0-8.y.1.3|8|[[5, 2, 0, 3], [7, 5, 4, 7]]
8.48.0-8.y.1.4|8|[[5, 5, 4, 3], [7, 4, 0, 1]]
8.48.0-8.ba.1.1|8|[[1, 2, 0, 5], [5, 3, 0, 1], [7, 1, 0, 5]]
8.48.0-8.ba.1.2|8|[[1, 6, 0, 5], [5, 1, 0, 5], [5, 6, 0, 3]]
8.48.0-8.ba.1.3|8|[[1, 1, 0, 7], [3, 5, 0, 3], [7, 3, 0, 5]]
8.48.0-8.ba.1.4|8|[[1, 3, 0, 3], [3, 7, 0, 3], [5, 4, 0, 3]]
8.48.0-8.ba.1.5|8|[[3, 0, 0, 1], [3, 7, 0, 7], [7, 6, 0, 3]]
8.48.0-8.ba.1.6|8|[[1, 7, 0, 3], [3, 5, 0, 7], [7, 5, 0, 1]]
8.48.0-8.ba.1.7|8|[[1, 0, 0, 5], [3, 7, 0, 3], [5, 2, 0, 3]]
8.48.0-8.ba.1.8|8|[[1, 5, 0, 7], [3, 2, 0, 1], [3, 5, 0, 3]]
8.48.0-8.ba.2.1|8|[[1, 0, 0, 3], [3, 4, 0, 7], [7, 7, 0, 1]]
8.48.0-8.ba.2.2|8|[[1, 2, 0, 3], [1, 7, 0, 5], [5, 2, 0, 1]]
8.48.0-8.ba.2.3|8|[[1, 7, 0, 7], [3, 0, 0, 5], [5, 5, 0, 7]]
8.48.0-8.ba.2.4|8|[[3, 4, 0, 7], [5, 0, 0, 3], [7, 7, 0, 1]]
8.48.0-8.ba.2.5|8|[[3, 0, 0, 7], [3, 7, 0, 1], [7, 1, 0, 3]]
8.48.0-8.ba.2.6|8|[[3, 3, 0, 1], [3, 4, 0, 5], [7, 1, 0, 1]]
8.48.0-8.ba.2.7|8|[[1, 2, 0, 3], [3, 1, 0, 3], [5, 0, 0, 1]]
8.48.0-8.ba.2.8|8|[[1, 1, 0, 7], [3, 3, 0, 1], [3, 7, 0, 3]]
8.48.0-8.bb.1.1|8|[[1, 6, 0, 3], [1, 6, 0, 7], [5, 7, 0, 1]]
8.48.0-8.bb.1.2|8|[[1, 4, 0, 7], [3, 5, 0, 5], [5, 7, 0, 7]]
8.48.0-8.bb.1.3|8|[[3, 5, 0, 5], [5, 3, 0, 5], [5, 5, 0, 1]]
8.48.0-8.bb.1.4|8|[[1, 2, 0, 3], [3, 3, 0, 1], [5, 5, 0, 1]]
8.48.0-8.bb.1.5|8|[[3, 3, 0, 7], [7, 2, 0, 3], [7, 4, 0, 1]]
8.48.0-8.bb.1.6|8|[[3, 1, 0, 3], [3, 5, 0, 7], [5, 3, 0, 3]]
8.48.0-8.bb.1.7|8|[[3, 5, 0, 1], [3, 7, 0, 7], [5, 7, 0, 3]]
8.48.0-8.bb.1.8|8|[[1, 6, 0, 7], [3, 1, 0, 3], [3, 1, 0, 7]]
8.48.0-8.bb.2.1|8|[[1, 0, 0, 7], [3, 2, 0, 1], [5, 3, 0, 5]]
8.48.0-8.bb.2.2|8|[[1, 5, 0, 3], [3, 4, 0, 7], [7, 4, 0, 1]]
8.48.0-8.bb.2.3|8|[[5, 0, 0, 1], [5, 3, 0, 5], [7, 1, 0, 5]]
8.48.0-8.bb.2.4|8|[[1, 1, 0, 5], [1, 4, 0, 7], [5, 1, 0, 3]]
8.48.0-8.bb.2.5|8|[[1, 2, 0, 7], [3, 5, 0, 3], [5, 4, 0, 7]]
8.48.0-8.bb.2.6|8|[[1, 5, 0, 3], [3, 0, 0, 1], [5, 2, 0, 1]]
8.48.0-8.bb.2.7|8|[[1, 7, 0, 5], [3, 7, 0, 3], [5, 2, 0, 7]]
8.48.0-8.bb.2.8|8|[[1, 0, 0, 7], [3, 2, 0, 1], [3, 7, 0, 5]]
8.48.1-8.a.1.1|8|[[3, 0, 6, 1], [3, 2, 2, 5], [3, 4, 6, 5]]
8.48.1-8.a.1.2|8|[[1, 4, 2, 3], [3, 2, 4, 7], [5, 6, 6, 3]]
8.48.1-8.a.1.3|8|[[1, 4, 2, 3], [5, 2, 6, 7], [7, 6, 4, 7]]
8.48.1-8.a.1.4|8|[[3, 6, 2, 5], [3, 6, 4, 7], [5, 4, 2, 7]]
8.48.1-8.b.1.1|8|[[3, 4, 6, 1], [5, 2, 4, 5], [7, 2, 6, 5]]
8.48.1-8.b.1.2|8|[[1, 2, 0, 5], [1, 4, 2, 3], [7, 6, 4, 7]]
8.48.1-8.b.1.3|8|[[1, 6, 4, 1], [5, 4, 2, 7], [7, 4, 2, 1]]
8.48.1-8.b.1.4|8|[[3, 2, 0, 7], [3, 2, 4, 3], [7, 2, 2, 1]]
8.48.1-8.c.1.1|8|[[3, 4, 0, 3], [5, 6, 4, 5], [7, 0, 4, 1], [7, 4, 4, 5]]
8.48.1-8.c.1.2|8|[[1, 2, 0, 7], [1, 2, 4, 1], [1, 4, 0, 5], [5, 0, 4, 7]]
8.48.1-8.c.1.3|8|[[5, 0, 4, 7], [7, 2, 4, 7], [7, 4, 0, 3], [7, 4, 4, 5]]
8.48.1-8.c.1.4|8|[[5, 0, 0, 5], [5, 2, 4, 5], [5, 4, 4, 7], [7, 2, 4, 3]]
8.48.1-8.c.1.5|8|[[3, 4, 0, 7], [5, 2, 4, 1], [5, 6, 0, 3], [7, 4, 0, 3]]
8.48.1-8.c.1.6|8|[[1, 6, 4, 1], [3, 6, 0, 1], [5, 6, 0, 3], [7, 2, 0, 1]]
8.48.1-8.c.1.7|8|[[1, 4, 0, 5], [3, 2, 4, 3], [5, 0, 0, 5], [5, 0, 4, 3]]
8.48.1-8.c.1.8|8|[[1, 6, 4, 5], [3, 0, 4, 5], [3, 2, 0, 5], [3, 6, 4, 3]]
8.48.1-8.c.1.9|8|[[3, 4, 4, 1], [5, 4, 0, 1], [5, 6, 4, 5], [7, 0, 4, 5]]
8.48.1-8.c.1.10|8|[[1, 4, 4, 7], [3, 0, 4, 1], [3, 2, 0, 1], [5, 6, 0, 3]]
8.48.1-8.c.1.11|8|[[1, 6, 0, 7], [3, 4, 0, 3], [5, 2, 0, 7], [7, 4, 4, 5]]
8.48.1-8.c.1.12|8|[[1, 2, 4, 1], [3, 2, 4, 3], [5, 2, 0, 7], [5, 6, 0, 3]]
8.48.1-8.d.1.1|8|[[3, 2, 0, 7], [3, 6, 0, 1], [5, 2, 4, 3], [5, 4, 4, 7]]
8.48.1-8.d.1.2|8|[[1, 2, 0, 3], [1, 2, 4, 7], [5, 4, 4, 1], [5, 6, 4, 5]]
8.48.1-8.d.1.3|8|[[1, 0, 0, 7], [3, 0, 0, 5], [3, 2, 0, 7], [3, 6, 4, 3]]
8.48.1-8.d.1.4|8|[[1, 0, 0, 7], [1, 6, 0, 5], [3, 0, 4, 7], [5, 4, 0, 5]]
8.48.1-8.d.1.5|8|[[5, 2, 0, 7], [5, 2, 4, 5], [7, 0, 4, 3], [7, 2, 0, 3]]
8.48.1-8.d.1.6|8|[[3, 6, 4, 5], [5, 2, 4, 5], [5, 4, 4, 7], [7, 4, 4, 5]]
8.48.1-8.d.1.7|8|[[3, 0, 4, 1], [5, 2, 0, 7], [7, 0, 0, 1], [7, 6, 0, 3]]
8.48.1-8.d.1.8|8|[[1, 2, 4, 1], [1, 6, 0, 5], [5, 2, 4, 5], [7, 2, 4, 1]]
8.48.1-8.d.1.9|8|[[1, 4, 4, 5], [3, 4, 4, 7], [5, 2, 4, 3], [7, 0, 4, 5]]
8.48.1-8.d.1.10|8|[[1, 6, 4, 1], [3, 2, 0, 1], [5, 4, 0, 3], [5, 4, 0, 5]]
8.48.1-8.g.1.1|8|[[3, 1, 2, 3], [5, 5, 2, 3]]
8.48.1-8.g.1.2|8|[[5, 0, 4, 7], [5, 7, 6, 5]]
8.48.1-8.i.1.1|8|[[7, 2, 4, 7], [7, 6, 4, 3], [7, 7, 6, 3]]
8.48.1-8.i.1.2|8|[[1, 5, 2, 1], [3, 4, 0, 7], [3, 6, 4, 7]]
8.48.1-8.i.1.3|8|[[3, 0, 0, 7], [5, 0, 0, 5], [5, 7, 6, 1]]
8.48.1-8.i.1.4|8|[[1, 1, 2, 5], [1, 2, 4, 1], [5, 0, 0, 1]]
8.48.1-8.j.1.1|8|[[5, 0, 4, 1], [7, 7, 6, 3]]
8.48.1-8.j.1.2|8|[[5, 2, 0, 1], [7, 5, 6, 3]]
8.48.1-8.l.1.1|8|[[3, 0, 0, 5], [7, 1, 2, 1]]
8.48.1-8.l.1.2|8|[[3, 1, 2, 5], [5, 1, 6, 5]]
8.48.1-8.m.1.1|8|[[1, 2, 4, 1], [1, 2, 4, 5], [3, 5, 0, 1]]
8.48.1-8.m.1.2|8|[[3, 6, 4, 7], [5, 1, 4, 7], [5, 5, 4, 3]]
8.48.1-8.m.1.3|8|[[1, 3, 0, 7], [3, 2, 4, 7], [3, 4, 0, 7]]
8.48.1-8.m.1.4|8|[[1, 1, 4, 7], [1, 7, 0, 7], [3, 4, 0, 7]]
8.48.1-8.n.1.1|8|[[1, 4, 4, 5], [5, 1, 4, 3], [5, 3, 4, 7]]
8.48.1-8.n.1.2|8|[[1, 6, 4, 1], [7, 5, 4, 5], [7, 6, 0, 3]]
8.48.1-8.n.1.3|8|[[3, 4, 4, 7], [5, 7, 4, 7], [7, 2, 4, 7]]
8.48.1-8.n.1.4|8|[[1, 3, 4, 3], [1, 7, 0, 3], [7, 7, 4, 1]]
8.48.1-8.x.1.1|8|[[5, 5, 0, 3], [7, 0, 6, 1], [7, 4, 6, 5]]
8.48.1-8.x.1.2|8|[[1, 5, 0, 7], [7, 0, 0, 3], [7, 4, 6, 5]]
8.48.1-8.ba.1.1|8|[[5, 7, 0, 3], [7, 1, 4, 1], [7, 7, 6, 5]]
8.48.1-8.ba.1.2|8|[[1, 3, 0, 7], [3, 0, 4, 7], [5, 6, 2, 7]]
8.48.1-8.bb.1.1|8|[[1, 7, 0, 7], [3, 1, 2, 1], [7, 4, 4, 3]]
8.48.1-8.bb.1.2|8|[[5, 0, 2, 7], [5, 3, 0, 3], [7, 0, 4, 3]]
8.64.1-8.a.1.1|8|[[1, 7, 1, 2], [3, 4, 4, 7]]
8.64.1-8.a.1.2|8|[[1, 4, 4, 5], [1, 7, 1, 2]]
8.64.1-8.c.1.1|8|[[5, 0, 3, 3], [5, 1, 4, 3]]
8.64.1-8.c.1.2|8|[[3, 4, 1, 5], [4, 5, 3, 7]]
8.96.0-8.a.1.1|8|[[1, 0, 0, 3], [1, 0, 4, 1], [1, 4, 0, 1], [3, 4, 4, 5]]
8.96.0-8.a.1.2|8|[[1, 0, 4, 1], [1, 4, 0, 1], [5, 0, 0, 1], [5, 0, 0, 3]]
8.96.0-8.a.1.3|8|[[1, 0, 0, 3], [1, 0, 4, 1], [5, 4, 0, 3], [7, 4, 4, 7]]
8.96.0-8.a.1.4|8|[[1, 0, 4, 1], [5, 0, 0, 1], [5, 4, 0, 3], [7, 4, 4, 7]]
8.96.0-8.a.1.5|8|[[1, 4, 0, 1], [5, 0, 4, 1], [5, 0, 4, 3], [7, 4, 4, 7]]
8.96.0-8.a.1.6|8|[[1, 4, 0, 1], [5, 0, 0, 1], [5, 0, 0, 3], [7, 4, 4, 7]]
8.96.0-8.a.1.7|8|[[1, 0, 0, 3], [1, 4, 4, 1], [5, 0, 4, 1], [7, 4, 0, 7]]
8.96.0-8.a.1.8|8|[[1, 4, 4, 1], [5, 0, 0, 1], [5, 0, 4, 3], [7, 4, 0, 7]]
8.96.0-8.a.1.9|8|[[1, 0, 4, 1], [1, 4, 0, 1], [3, 4, 4, 5], [5, 0, 0, 1]]
8.96.0-8.a.1.10|8|[[1, 0, 4, 1], [1, 4, 0, 1], [3, 4, 4, 7], [5, 0, 0, 3]]
8.96.0-8.b.1.1|8|[[1, 0, 4, 1], [1, 4, 0, 1], [5, 0, 0, 1], [7, 6, 0, 1]]
8.96.0-8.b.1.2|8|[[1, 4, 0, 1], [5, 0, 0, 1], [7, 4, 4, 7], [7, 6, 0, 1]]
8.96.0-8.b.1.3|8|[[1, 0, 4, 1], [5, 0, 0, 1], [7, 4, 4, 7], [7, 6, 0, 1]]
8.96.0-8.b.1.4|8|[[5, 0, 0, 1], [7, 2, 0, 1], [7, 4, 0, 7], [7, 6, 4, 1]]
8.96.0-8.b.1.5|8|[[1, 0, 4, 1], [1, 4, 0, 1], [1, 6, 4, 7], [3, 6, 0, 1]]
8.96.0-8.b.1.6|8|[[1, 4, 0, 1], [3, 6, 0, 1], [7, 4, 4, 7], [7, 6, 4, 1]]
8.96.0-8.b.1.7|8|[[1, 0, 4, 1], [5, 4, 0, 1], [7, 2, 0, 1], [7, 4, 4, 7]]
8.96.0-8.b.1.8|8|[[1, 4, 4, 1], [5, 0, 4, 1], [7, 4, 0, 7], [7, 6, 4, 1]]
8.96.0-8.b.1.9|8|[[1, 0, 4, 1], [1, 4, 0, 1], [3, 4, 4, 7], [7, 6, 0, 1]]
8.96.0-8.b.1.10|8|[[1, 4, 0, 1], [5, 0, 4, 1], [7, 4, 4, 7], [7, 6, 0, 1]]
8.96.0-8.b.1.11|8|[[1, 0, 4, 1], [1, 4, 0, 1], [1, 6, 4, 7], [5, 0, 0, 1]]
8.96.0-8.b.1.12|8|[[1, 4, 0, 1], [5, 0, 0, 1], [7, 4, 4, 7], [7, 6, 4, 1]]
8.96.0-8.b.2.1|8|[[1, 0, 4, 1], [1, 4, 0, 1], [3, 2, 0, 1], [7, 4, 0, 3]]
8.96.0-8.b.2.2|8|[[1, 0, 4, 1], [1, 0, 4, 5], [1, 4, 0, 1], [3, 2, 0, 1]]
8.96.0-8.b.2.3|8|[[1, 4, 0, 1], [3, 2, 0, 1], [7, 4, 4, 3], [7, 4, 4, 7]]
8.96.0-8.b.2.4|8|[[1, 4, 0, 1], [3, 2, 0, 1], [7, 4, 0, 3], [7, 4, 4, 7]]
8.96.0-8.b.2.5|8|[[1, 0, 4, 1], [3, 6, 0, 1], [7, 4, 0, 3], [7, 4, 4, 7]]
8.96.0-8.b.2.6|8|[[1, 0, 4, 1], [5, 2, 0, 3], [7, 0, 0, 3], [7, 4, 4, 7]]
8.96.0-8.b.2.7|8|[[1, 0, 4, 5], [1, 4, 4, 1], [3, 2, 4, 1], [7, 4, 4, 3]]
8.96.0-8.b.2.8|8|[[1, 0, 0, 5], [1, 4, 4, 1], [3, 2, 4, 1], [7, 4, 0, 7]]
8.96.0-8.b.2.9|8|[[1, 0, 4, 1], [1, 0, 4, 5], [1, 4, 0, 1], [5, 2, 0, 3]]
8.96.0-8.b.2.10|8|[[1, 0, 4, 1], [1, 4, 0, 1], [5, 2, 4, 7], [7, 4, 0, 3]]
8.96.0-8.b.2.11|8|[[1, 4, 0, 1], [3, 2, 4, 1], [7, 4, 0, 3], [7, 4, 4, 7]]
8.96.0-8.b.2.12|8|[[1, 4, 0, 1], [3, 2, 4, 1], [7, 4, 4, 3], [7, 4, 4, 7]]
8.96.0-8.c.1.1|8|[[1, 0, 0, 3], [1, 0, 4, 1], [1, 0, 4, 5], [1, 4, 0, 1]]
8.96.0-8.c.1.2|8|[[1, 0, 4, 1], [7, 4, 0, 1], [7, 4, 0, 3], [7, 4, 4, 7]]
8.96.0-8.c.1.3|8|[[1, 4, 0, 1], [7, 4, 4, 1], [7, 4, 4, 3], [7, 4, 4, 7]]
8.96.0-8.c.1.4|8|[[1, 0, 4, 3], [1, 0, 4, 7], [1, 4, 4, 1], [7, 4, 4, 1]]
8.96.0-8.c.1.5|8|[[1, 0, 4, 1], [1, 4, 0, 1], [7, 4, 0, 1], [7, 4, 0, 3]]
8.96.0-8.c.1.6|8|[[1, 0, 0, 3], [1, 0, 4, 1], [7, 0, 0, 3], [7, 4, 4, 7]]
8.96.0-8.c.1.7|8|[[1, 4, 0, 1], [7, 4, 0, 1], [7, 4, 0, 3], [7, 4, 4, 7]]
8.96.0-8.c.1.8|8|[[1, 0, 0, 3], [1, 0, 4, 7], [1, 4, 4, 1], [7, 4, 4, 1]]
8.96.0-8.c.1.9|8|[[1, 0, 4, 1], [1, 0, 4, 7], [1, 4, 0, 1], [7, 4, 0, 3]]
8.96.0-8.c.1.10|8|[[1, 0, 4, 1], [1, 0, 4, 5], [1, 4, 0, 1], [7, 4, 0, 1]]
8.96.0-8.d.1.1|8|[[1, 2, 4, 5], [5, 0, 0, 3], [5, 4, 4, 3]]
8.96.0-8.d.1.2|8|[[3, 0, 4, 5], [3, 4, 0, 5], [3, 6, 0, 1]]
8.96.0-8.d.1.3|8|[[1, 2, 0, 5], [5, 4, 4, 3], [7, 2, 4, 3]]
8.96.0-8.d.1.4|8|[[1, 6, 0, 5], [3, 0, 4, 5], [7, 0, 4, 7]]
8.96.0-8.d.1.5|8|[[3, 0, 4, 5], [5, 2, 4, 7], [5, 6, 0, 7]]
8.96.0-8.d.1.6|8|[[3, 2, 0, 1], [7, 2, 0, 3], [7, 6, 4, 3]]
8.96.0-8.d.1.7|8|[[1, 6, 4, 5], [3, 6, 0, 1], [7, 2, 0, 3]]
8.96.0-8.d.1.8|8|[[5, 4, 4, 3], [7, 0, 4, 7], [7, 6, 0, 3]]
8.96.0-8.e.1.1|8|[[3, 4, 0, 1], [7, 2, 0, 1], [7, 2, 4, 1]]
8.96.0-8.e.1.2|8|[[3, 6, 4, 7], [5, 4, 4, 7], [5, 6, 0, 1]]
8.96.0-8.e.1.3|8|[[1, 4, 4, 1], [1, 6, 4, 7], [3, 0, 4, 1]]
8.96.0-8.e.1.4|8|[[1, 6, 0, 7], [3, 6, 0, 7], [7, 6, 4, 1]]
8.96.0-8.e.1.5|8|[[1, 4, 4, 1], [1, 6, 0, 7], [5, 4, 0, 7]]
8.96.0-8.e.1.6|8|[[3, 4, 4, 1], [3, 6, 4, 7], [5, 2, 0, 1]]
8.96.0-8.e.1.7|8|[[3, 6, 0, 7], [5, 0, 0, 7], [7, 2, 4, 1]]
8.96.0-8.e.1.8|8|[[1, 6, 4, 7], [3, 4, 4, 1], [7, 4, 4, 7]]
8.96.0-8.e.2.1|8|[[1, 0, 4, 1], [5, 2, 4, 1], [5, 6, 4, 3]]
8.96.0-8.e.2.2|8|[[1, 4, 4, 1], [3, 2, 0, 5], [5, 6, 0, 1]]
8.96.0-8.e.2.3|8|[[3, 2, 4, 7], [5, 2, 0, 3], [7, 0, 4, 7]]
8.96.0-8.e.2.4|8|[[5, 6, 4, 3], [7, 4, 0, 5], [7, 4, 4, 7]]
8.96.0-8.e.2.5|8|[[1, 4, 0, 3], [1, 4, 4, 3], [3, 6, 0, 7]]
8.96.0-8.e.2.6|8|[[3, 2, 0, 7], [5, 6, 4, 3], [7, 0, 0, 5]]
8.96.0-8.e.2.7|8|[[3, 2, 0, 5], [7, 0, 4, 5], [7, 0, 4, 7]]
8.96.0-8.e.2.8|8|[[5, 2, 0, 3], [5, 6, 4, 1], [7, 0, 0, 5]]
8.96.0-8.f.1.1|8|[[1, 0, 4, 1], [3, 2, 0, 1], [7, 0, 0, 1]]
8.96.0-8.f.1.2|8|[[3, 2, 4, 7], [5, 2, 0, 1], [7, 0, 0, 1]]
8.96.0-8.f.1.3|8|[[1, 4, 4, 1], [1, 4, 4, 7], [3, 2, 0, 1]]
8.96.0-8.f.1.4|8|[[5, 6, 4, 7], [7, 4, 4, 1], [7, 4, 4, 7]]
8.96.0-8.f.1.5|8|[[1, 0, 0, 7], [1, 4, 4, 1], [5, 6, 4, 1]]
8.96.0-8.f.1.6|8|[[3, 2, 4, 7], [7, 0, 4, 1], [7, 0, 4, 7]]
8.96.0-8.f.1.7|8|[[1, 4, 4, 1], [5, 2, 4, 7], [7, 0, 0, 1]]
8.96.0-8.f.1.8|8|[[3, 6, 0, 7], [5, 2, 4, 1], [7, 0, 0, 1]]
8.96.0-8.g.1.1|8|[[1, 6, 4, 7], [3, 4, 4, 7], [7, 0, 0, 5]]
8.96.0-8.g.1.2|8|[[1, 2, 4, 5], [5, 2, 0, 5], [7, 0, 0, 5]]
8.96.0-8.g.1.3|8|[[1, 4, 0, 3], [3, 0, 4, 5], [5, 6, 0, 5]]
8.96.0-8.g.1.4|8|[[1, 2, 4, 5], [1, 6, 4, 7], [5, 4, 4, 1]]
8.96.0-8.g.1.5|8|[[1, 0, 0, 3], [3, 2, 0, 3], [5, 0, 4, 3]]
8.96.0-8.g.1.6|8|[[3, 0, 4, 5], [3, 0, 4, 7], [3, 6, 0, 1]]
8.96.0-8.g.1.7|8|[[1, 2, 4, 7], [3, 0, 4, 5], [7, 0, 0, 5]]
8.96.0-8.g.1.8|8|[[5, 0, 4, 3], [5, 6, 0, 7], [7, 6, 4, 1]]
8.96.0-8.h.1.1|8|[[3, 0, 4, 1], [5, 4, 0, 3], [5, 6, 0, 5]]
8.96.0-8.h.1.2|8|[[5, 6, 4, 1], [7, 2, 4, 5], [7, 6, 0, 1]]
8.96.0-8.h.1.3|8|[[1, 2, 0, 7], [3, 0, 0, 5], [3, 2, 4, 7]]
8.96.0-8.h.1.4|8|[[3, 0, 4, 1], [3, 6, 0, 3], [5, 0, 0, 3]]
8.96.0-8.h.1.5|8|[[1, 6, 4, 3], [3, 4, 0, 5], [5, 6, 0, 5]]
8.96.0-8.h.1.6|8|[[1, 2, 0, 7], [1, 4, 4, 5], [5, 2, 0, 5]]
8.96.0-8.h.1.7|8|[[1, 0, 4, 5], [3, 6, 0, 3], [5, 4, 4, 7]]
8.96.0-8.h.1.8|8|[[5, 4, 4, 7], [5, 6, 4, 1], [7, 6, 4, 5]]
8.96.0-8.h.2.1|8|[[3, 6, 0, 5], [3, 6, 4, 7], [5, 6, 0, 5]]
8.96.0-8.h.2.2|8|[[1, 4, 0, 7], [5, 2, 0, 5], [5, 6, 4, 1]]
8.96.0-8.h.2.3|8|[[3, 6, 4, 7], [5, 6, 0, 3], [7, 4, 4, 3]]
8.96.0-8.h.2.4|8|[[1, 4, 4, 5], [5, 2, 4, 1], [7, 0, 4, 5]]
8.96.0-8.h.2.5|8|[[1, 4, 4, 3], [1, 4, 4, 5], [3, 2, 4, 7]]
8.96.0-8.h.2.6|8|[[1, 0, 4, 3], [3, 6, 0, 3], [7, 4, 0, 1]]
8.96.0-8.h.2.7|8|[[5, 6, 0, 3], [5, 6, 4, 7], [7, 4, 4, 5]]
8.96.0-8.h.2.8|8|[[1, 0, 0, 7], [3, 2, 0, 5], [7, 4, 4, 3]]
8.96.0-8.i.1.1|8|[[1, 4, 0, 3], [3, 6, 4, 7], [5, 6, 0, 7]]
8.96.0-8.i.1.2|8|[[1, 0, 4, 7], [1, 4, 0, 3], [5, 6, 0, 7]]
8.96.0-8.i.1.3|8|[[5, 6, 0, 5], [5, 6, 4, 3], [7, 0, 4, 3]]
8.96.0-8.i.1.4|8|[[1, 4, 4, 5], [3, 6, 0, 1], [7, 0, 4, 1]]
8.96.0-8.i.1.5|8|[[1, 0, 4, 5], [1, 4, 4, 7], [3, 6, 0, 3]]
8.96.0-8.i.1.6|8|[[3, 2, 0, 1], [3, 2, 0, 3], [5, 6, 4, 1]]
8.96.0-8.i.1.7|8|[[3, 6, 0, 3], [7, 0, 0, 5], [7, 0, 4, 1]]
8.96.0-8.i.1.8|8|[[1, 0, 4, 7], [3, 2, 0, 3], [7, 4, 4, 3]]
8.96.0-8.j.1.1|8|[[5, 6, 0, 3], [7, 2, 0, 3], [7, 4, 0, 3]]
8.96.0-8.j.1.2|8|[[1, 0, 0, 5], [1, 2, 0, 1], [3, 4, 0, 1]]
8.96.0-8.j.1.3|8|[[3, 4, 0, 1], [5, 6, 0, 7], [7, 2, 0, 3]]
8.96.0-8.j.1.4|8|[[1, 6, 0, 5], [3, 2, 0, 5], [5, 0, 0, 3]]
8.96.0-8.j.1.5|8|[[1, 2, 0, 1], [5, 2, 0, 7], [7, 6, 0, 3]]
8.96.0-8.j.1.6|8|[[1, 4, 0, 5], [5, 4, 0, 3], [5, 6, 0, 7]]
8.96.0-8.j.2.1|8|[[1, 0, 0, 3], [1, 6, 0, 1], [5, 0, 0, 3]]
8.96.0-8.j.2.2|8|[[3, 2, 0, 5], [3, 4, 0, 5], [5, 6, 0, 1]]
8.96.0-8.j.2.3|8|[[1, 0, 0, 3], [1, 6, 0, 3], [3, 4, 0, 5]]
8.96.0-8.j.2.4|8|[[3, 2, 0, 7], [3, 4, 0, 7], [5, 2, 0, 3]]
8.96.0-8.j.2.5|8|[[3, 4, 0, 5], [3, 4, 0, 7], [7, 6, 0, 5]]
8.96.0-8.j.2.6|8|[[1, 0, 0, 3], [5, 4, 0, 3], [7, 2, 0, 5]]
8.96.0-8.k.1.1|8|[[1, 6, 0, 5], [3, 4, 0, 5], [7, 6, 0, 1]]
8.96.0-8.k.1.2|8|[[1, 4, 0, 3], [5, 0, 0, 1], [5, 6, 0, 5]]
8.96.0-8.k.1.3|8|[[1, 2, 0, 7], [3, 6, 0, 1], [7, 4, 0, 5]]
8.96.0-8.k.1.4|8|[[1, 4, 0, 3], [3, 0, 0, 5], [7, 6, 0, 1]]
8.96.0-8.k.1.5|8|[[3, 2, 0, 1], [3, 4, 0, 7], [3, 6, 0, 3]]
8.96.0-8.k.1.6|8|[[5, 4, 0, 3], [5, 6, 0, 7], [7, 6, 0, 1]]
8.96.0-8.k.1.7|8|[[5, 4, 0, 3], [7, 2, 0, 1], [7, 6, 0, 3]]
8.96.0-8.k.1.8|8|[[3, 6, 0, 3], [5, 4, 0, 1], [7, 4, 0, 5]]
8.96.0-8.k.2.1|8|[[1, 0, 0, 7], [5, 6, 0, 3], [7, 0, 0, 5]]
8.96.0-8.k.2.2|8|[[3, 2, 0, 1], [5, 2, 0, 5], [5, 6, 0, 1]]
8.96.0-8.k.2.3|8|[[5, 2, 0, 7], [7, 0, 0, 1], [7, 0, 0, 3]]
8.96.0-8.k.2.4|8|[[5, 2, 0, 1], [5, 2, 0, 3], [5, 6, 0, 7]]
8.96.0-8.k.2.5|8|[[1, 0, 0, 5], [3, 2, 0, 5], [3, 6, 0, 3]]
8.96.0-8.k.2.6|8|[[1, 4, 0, 3], [3, 6, 0, 3], [5, 6, 0, 1]]
8.96.0-8.k.2.7|8|[[1, 4, 0, 5], [3, 6, 0, 7], [7, 0, 0, 5]]
8.96.0-8.k.2.8|8|[[3, 2, 0, 3], [3, 2, 0, 5], [7, 4, 0, 5]]
8.96.0-8.l.1.1|8|[[5, 0, 0, 1], [5, 2, 0, 1], [7, 2, 0, 1]]
8.96.0-8.l.1.2|8|[[1, 2, 0, 1], [3, 2, 0, 1], [3, 2, 0, 7]]
8.96.0-8.l.1.3|8|[[3, 4, 0, 7], [7, 0, 0, 1], [7, 6, 0, 7]]
8.96.0-8.l.1.4|8|[[3, 2, 0, 7], [5, 0, 0, 1], [5, 0, 0, 7]]
8.96.0-8.l.1.5|8|[[1, 4, 0, 7], [1, 6, 0, 7], [5, 6, 0, 7]]
8.96.0-8.l.1.6|8|[[3, 4, 0, 7], [5, 6, 0, 7], [7, 0, 0, 1]]
8.96.0-8.l.2.1|8|[[1, 4, 0, 3], [1, 6, 0, 1], [7, 0, 0, 3]]
8.96.0-8.l.2.2|8|[[1, 0, 0, 5], [1, 0, 0, 7], [1, 6, 0, 3]]
8.96.0-8.l.2.3|8|[[1, 4, 0, 7], [1, 6, 0, 7], [7, 4, 0, 3]]
8.96.0-8.l.2.4|8|[[1, 2, 0, 1], [1, 6, 0, 5], [7, 6, 0, 1]]
8.96.0-8.l.2.5|8|[[7, 2, 0, 3], [7, 2, 0, 5], [7, 2, 0, 7]]
8.96.0-8.l.2.6|8|[[1, 2, 0, 7], [7, 2, 0, 5], [7, 2, 0, 7]]
8.96.0-8.m.1.1|8|[[1, 6, 0, 3], [7, 7, 0, 1]]
8.96.0-8.m.1.2|8|[[7, 2, 0, 5], [7, 7, 0, 1]]
8.96.0-8.m.1.3|8|[[1, 5, 0, 7], [7, 1, 0, 3]]
8.96.0-8.m.1.4|8|[[1, 2, 0, 3], [1, 5, 0, 5]]
8.96.0-8.m.2.1|8|[[3, 4, 0, 1], [5, 1, 0, 3]]
8.96.0-8.m.2.2|8|[[1, 1, 0, 5], [5, 2, 0, 7]]
8.96.0-8.m.2.3|8|[[3, 3, 0, 5], [7, 1, 0, 3]]
8.96.0-8.m.2.4|8|[[1, 3, 0, 5], [3, 3, 0, 5]]
8.96.0-8.n.1.1|8|[[1, 2, 0, 1], [5, 4, 0, 1], [7, 1, 0, 1]]
8.96.0-8.n.1.2|8|[[5, 1, 0, 7], [5, 4, 0, 1], [7, 6, 0, 7]]
8.96.0-8.n.1.3|8|[[3, 3, 0, 1], [3, 4, 0, 7], [3, 5, 0, 1]]
8.96.0-8.n.1.4|8|[[3, 0, 0, 7], [3, 1, 0, 1], [7, 2, 0, 7]]
8.96.0-8.n.1.5|8|[[1, 2, 0, 1], [5, 1, 0, 7], [7, 1, 0, 1]]
8.96.0-8.n.1.6|8|[[1, 6, 0, 1], [5, 4, 0, 1], [5, 7, 0, 7]]
8.96.0-8.n.2.1|8|[[3, 1, 0, 1], [3, 7, 0, 1], [5, 7, 0, 3]]
8.96.0-8.n.2.2|8|[[1, 4, 0, 5], [1, 6, 0, 5], [3, 5, 0, 1]]
8.96.0-8.n.2.3|8|[[1, 0, 0, 5], [5, 5, 0, 3], [7, 2, 0, 7]]
8.96.0-8.n.2.4|8|[[1, 6, 0, 5], [3, 7, 0, 1], [5, 1, 0, 3]]
8.96.0-8.n.2.5|8|[[1, 4, 0, 5], [1, 6, 0, 5], [5, 3, 0, 7]]
8.96.0-8.n.2.6|8|[[1, 6, 0, 1], [3, 5, 0, 5], [7, 6, 0, 3]]
8.96.0-8.o.1.1|8|[[5, 6, 0, 3], [7, 1, 0, 5]]
8.96.0-8.o.1.2|8|[[5, 3, 0, 1], [7, 7, 0, 5]]
8.96.0-8.o.1.3|8|[[1, 5, 0, 3], [3, 0, 0, 5]]
8.96.0-8.o.1.4|8|[[1, 7, 0, 3], [5, 0, 0, 3]]
8.96.0-8.p.1.1|8|[[1, 5, 0, 3], [7, 3, 0, 3]]
8.96.0-8.p.1.2|8|[[1, 5, 0, 5], [1, 7, 0, 3]]
8.96.0-8.p.1.3|8|[[1, 6, 0, 7], [7, 1, 0, 5]]
8.96.0-8.p.1.4|8|[[1, 5, 0, 5], [7, 2, 0, 1]]
8.96.1-8.a.1.1|8|[[1, 4, 0, 1], [3, 2, 2, 1], [5, 0, 4, 1]]
8.96.1-8.a.1.2|8|[[1, 4, 0, 1], [1, 6, 6, 3], [7, 0, 4, 3]]
8.96.1-8.a.1.3|8|[[1, 6, 6, 3], [3, 4, 0, 3], [5, 0, 4, 1]]
8.96.1-8.a.1.4|8|[[1, 6, 6, 3], [3, 4, 0, 3], [7, 0, 4, 3]]
8.96.1-8.b.1.1|8|[[1, 4, 0, 1], [3, 2, 2, 1], [5, 0, 0, 1]]
8.96.1-8.b.1.2|8|[[1, 6, 6, 3], [3, 4, 0, 3], [7, 0, 0, 3]]
8.96.1-8.b.1.3|8|[[1, 4, 0, 1], [1, 6, 6, 3], [7, 0, 0, 3]]
8.96.1-8.c.1.1|8|[[3, 6, 6, 5], [5, 2, 4, 1]]
8.96.1-8.c.1.2|8|[[1, 0, 6, 7], [3, 2, 6, 5]]
8.96.1-8.d.1.1|8|[[3, 6, 6, 5], [5, 2, 0, 1]]
8.96.1-8.d.1.2|8|[[3, 6, 6, 5], [5, 4, 2, 3]]
8.96.1-8.e.1.1|8|[[5, 2, 4, 5], [7, 2, 4, 1], [7, 2, 4, 3]]
8.96.1-8.e.1.2|8|[[1, 0, 0, 3], [1, 2, 4, 7], [5, 6, 4, 7]]
8.96.1-8.e.1.3|8|[[1, 4, 0, 3], [5, 0, 0, 3], [7, 6, 4, 3]]
8.96.1-8.e.1.4|8|[[3, 0, 0, 7], [3, 2, 4, 1], [3, 2, 4, 3]]
8.96.1-8.e.1.5|8|[[3, 0, 0, 7], [3, 6, 4, 1], [7, 6, 4, 3]]
8.96.1-8.e.1.6|8|[[3, 4, 0, 5], [5, 4, 0, 1], [7, 6, 4, 1]]
8.96.1-8.e.2.1|8|[[3, 0, 0, 1], [3, 4, 0, 5], [5, 2, 4, 5]]
8.96.1-8.e.2.2|8|[[1, 6, 4, 7], [5, 0, 0, 7], [5, 2, 4, 5]]
8.96.1-8.e.2.3|8|[[3, 0, 0, 1], [5, 4, 0, 3], [5, 6, 4, 5]]
8.96.1-8.e.2.4|8|[[1, 6, 4, 3], [5, 4, 0, 7], [7, 0, 0, 3]]
8.96.1-8.e.2.5|8|[[3, 0, 0, 1], [5, 0, 0, 3], [5, 6, 4, 1]]
8.96.1-8.e.2.6|8|[[3, 2, 4, 3], [3, 2, 4, 7], [3, 4, 0, 5]]
8.96.1-8.f.1.1|8|[[3, 0, 6, 1], [7, 2, 2, 5]]
8.96.1-8.f.1.2|8|[[1, 4, 2, 3], [3, 6, 2, 1]]
8.96.1-8.g.1.1|8|[[1, 4, 0, 1], [3, 4, 4, 1], [7, 0, 4, 3], [7, 4, 0, 1]]
8.96.1-8.g.1.2|8|[[1, 4, 0, 1], [5, 4, 0, 5], [7, 0, 4, 5], [7, 4, 0, 1]]
8.96.1-8.g.1.3|8|[[1, 4, 0, 1], [3, 0, 0, 5], [3, 4, 4, 1], [3, 4, 4, 7]]
8.96.1-8.g.1.4|8|[[1, 4, 0, 1], [3, 4, 4, 7], [5, 4, 0, 5], [7, 0, 4, 5]]
8.96.1-8.g.1.5|8|[[1, 0, 4, 3], [3, 4, 4, 7], [5, 4, 0, 5], [7, 4, 4, 5]]
8.96.1-8.g.1.6|8|[[3, 4, 4, 1], [3, 4, 4, 7], [5, 0, 0, 5], [7, 4, 0, 1]]
8.96.1-8.g.1.7|8|[[3, 0, 4, 7], [5, 4, 0, 3], [5, 4, 0, 5], [7, 4, 0, 1]]
8.96.1-8.g.1.8|8|[[1, 0, 4, 3], [3, 0, 0, 5], [3, 4, 4, 1], [5, 0, 0, 5]]
8.96.1-8.g.1.9|8|[[1, 4, 0, 1], [3, 4, 4, 7], [5, 4, 0, 5], [7, 4, 0, 1]]
8.96.1-8.g.1.10|8|[[1, 4, 0, 1], [3, 4, 4, 7], [7, 0, 4, 5], [7, 4, 0, 1]]
8.96.1-8.g.1.11|8|[[1, 4, 0, 1], [5, 0, 4, 7], [5, 4, 0, 3], [5, 4, 0, 5]]
8.96.1-8.g.1.12|8|[[1, 4, 0, 1], [3, 0, 0, 5], [7, 0, 4, 3], [7, 0, 4, 5]]
8.96.1-8.g.2.1|8|[[1, 4, 0, 1], [3, 4, 0, 3], [5, 0, 4, 1], [5, 4, 2, 7]]
8.96.1-8.g.2.2|8|[[1, 4, 0, 1], [1, 4, 2, 3], [5, 0, 4, 1], [5, 4, 2, 7]]
8.96.1-8.g.2.3|8|[[1, 4, 0, 1], [1, 4, 2, 3], [5, 4, 2, 7], [7, 0, 2, 1]]
8.96.1-8.g.2.4|8|[[1, 0, 2, 3], [1, 0, 4, 5], [3, 4, 0, 3], [7, 4, 0, 7]]
8.96.1-8.g.2.5|8|[[1, 0, 2, 3], [1, 0, 6, 7], [3, 0, 6, 1], [7, 4, 2, 1]]
8.96.1-8.g.2.6|8|[[1, 0, 2, 3], [3, 4, 0, 3], [7, 0, 2, 1], [7, 4, 0, 7]]
8.96.1-8.g.2.7|8|[[1, 4, 2, 3], [3, 4, 6, 1], [5, 0, 4, 1], [7, 4, 0, 7]]
8.96.1-8.h.1.1|8|[[1, 4, 0, 1], [3, 0, 0, 3], [5, 0, 0, 1], [7, 4, 0, 1]]
8.96.1-8.h.1.2|8|[[1, 4, 0, 1], [3, 0, 0, 5], [5, 0, 0, 1], [5, 4, 0, 5]]
8.96.1-8.h.1.3|8|[[3, 0, 0, 3], [3, 4, 0, 5], [5, 0, 0, 1], [5, 4, 0, 5]]
8.96.1-8.h.1.4|8|[[1, 0, 0, 7], [3, 4, 0, 3], [5, 0, 0, 1], [7, 4, 0, 7]]
8.96.1-8.h.1.5|8|[[1, 4, 0, 1], [1, 4, 0, 5], [3, 0, 0, 3], [3, 0, 0, 5]]
8.96.1-8.h.1.6|8|[[1, 0, 0, 7], [1, 4, 0, 1], [5, 4, 0, 5], [7, 0, 0, 3]]
8.96.1-8.h.1.7|8|[[3, 0, 0, 3], [3, 4, 0, 5], [5, 4, 0, 5], [7, 0, 0, 5]]
8.96.1-8.h.1.8|8|[[1, 0, 0, 7], [3, 4, 0, 3], [7, 0, 0, 3], [7, 4, 0, 7]]
8.96.1-8.h.1.9|8|[[1, 4, 0, 1], [3, 0, 0, 5], [5, 4, 0, 5], [7, 0, 0, 3]]
8.96.1-8.h.1.10|8|[[1, 4, 0, 1], [1, 4, 0, 5], [3, 0, 0, 3], [7, 4, 0, 1]]
8.96.1-8.h.1.11|8|[[1, 0, 0, 7], [1, 4, 0, 1], [5, 0, 0, 1], [5, 4, 0, 5]]
8.96.1-8.h.1.12|8|[[1, 4, 0, 1], [3, 0, 0, 3], [3, 0, 0, 5], [5, 0, 0, 1]]
8.96.1-8.h.2.1|8|[[1, 4, 0, 1], [3, 4, 0, 3], [5, 0, 0, 1], [5, 4, 2, 7]]
8.96.1-8.h.2.2|8|[[1, 4, 0, 1], [1, 4, 2, 3], [5, 0, 0, 1], [5, 4, 2, 7]]
8.96.1-8.h.2.3|8|[[1, 4, 0, 1], [3, 4, 0, 3], [5, 4, 2, 7], [7, 0, 6, 1]]
8.96.1-8.h.2.4|8|[[1, 4, 0, 1], [1, 4, 2, 3], [5, 4, 2, 7], [7, 0, 6, 1]]
8.96.1-8.h.2.5|8|[[1, 0, 2, 3], [3, 4, 0, 3], [7, 0, 6, 1], [7, 4, 0, 7]]
8.96.1-8.h.2.6|8|[[1, 0, 0, 5], [1, 0, 2, 3], [3, 0, 0, 3], [7, 4, 0, 7]]
8.96.1-8.h.2.7|8|[[1, 0, 0, 5], [3, 4, 6, 1], [7, 0, 6, 1], [7, 4, 0, 7]]
8.96.1-8.i.1.1|8|[[1, 4, 0, 5], [5, 2, 0, 7], [5, 6, 4, 1]]
8.96.1-8.i.1.2|8|[[3, 2, 4, 7], [3, 6, 0, 5], [5, 6, 0, 7]]
8.96.1-8.i.1.3|8|[[1, 0, 4, 3], [5, 2, 0, 3], [7, 4, 4, 1]]
8.96.1-8.i.1.4|8|[[3, 6, 0, 1], [3, 6, 4, 3], [3, 6, 4, 7]]
8.96.1-8.i.1.5|8|[[1, 0, 0, 5], [3, 2, 0, 5], [5, 6, 4, 5]]
8.96.1-8.i.1.6|8|[[5, 6, 4, 5], [7, 0, 0, 3], [7, 0, 4, 5]]
8.96.1-8.i.1.7|8|[[1, 0, 4, 7], [3, 2, 4, 3], [5, 6, 4, 1]]
8.96.1-8.i.1.8|8|[[3, 2, 4, 3], [5, 2, 0, 7], [5, 6, 0, 3]]
8.96.1-8.i.2.1|8|[[3, 0, 4, 5], [5, 6, 4, 5], [7, 6, 4, 3]]
8.96.1-8.i.2.2|8|[[5, 0, 0, 1], [5, 0, 4, 3], [5, 2, 4, 5]]
8.96.1-8.i.2.3|8|[[3, 2, 0, 1], [5, 0, 0, 1], [5, 4, 4, 3]]
8.96.1-8.i.2.4|8|[[1, 6, 4, 5], [3, 4, 0, 7], [3, 6, 0, 1]]
8.96.1-8.i.2.5|8|[[3, 0, 0, 7], [5, 0, 4, 3], [5, 2, 4, 5]]
8.96.1-8.i.2.6|8|[[1, 6, 4, 5], [3, 0, 4, 5], [7, 0, 4, 5]]
8.96.1-8.i.2.7|8|[[1, 6, 0, 7], [3, 4, 4, 5], [5, 6, 0, 7]]
8.96.1-8.i.2.8|8|[[3, 2, 4, 3], [3, 4, 0, 7], [5, 2, 0, 7]]
8.96.1-8.j.1.1|8|[[3, 4, 0, 5], [5, 6, 4, 7], [7, 2, 4, 5]]
8.96.1-8.j.1.2|8|[[1, 2, 4, 5], [3, 6, 4, 1], [7, 6, 4, 5]]
8.96.1-8.j.1.3|8|[[3, 4, 0, 3], [3, 6, 4, 7], [5, 6, 4, 7]]
8.96.1-8.j.1.4|8|[[1, 4, 0, 7], [3, 2, 4, 7], [7, 6, 4, 5]]
8.96.1-8.j.1.5|8|[[3, 4, 0, 3], [5, 6, 4, 1], [7, 0, 0, 1]]
8.96.1-8.j.1.6|8|[[1, 4, 0, 7], [1, 6, 4, 5], [5, 2, 4, 1]]
8.96.1-8.j.1.7|8|[[1, 4, 0, 7], [3, 0, 0, 5], [3, 2, 4, 7]]
8.96.1-8.j.1.8|8|[[3, 6, 4, 7], [5, 0, 0, 5], [7, 4, 0, 1]]
8.96.1-8.k.1.1|8|[[1, 4, 0, 3], [5, 2, 4, 3], [5, 2, 4, 7]]
8.96.1-8.k.1.2|8|[[1, 4, 0, 3], [3, 6, 4, 5], [7, 0, 0, 1]]
8.96.1-8.k.1.3|8|[[1, 0, 0, 3], [3, 2, 4, 1], [7, 0, 0, 3]]
8.96.1-8.k.1.4|8|[[1, 0, 0, 3], [1, 0, 0, 7], [3, 2, 4, 1]]
8.96.1-8.k.1.5|8|[[3, 2, 4, 1], [3, 2, 4, 5], [7, 4, 0, 1]]
8.96.1-8.k.1.6|8|[[1, 0, 0, 7], [3, 6, 4, 1], [5, 6, 4, 3]]
8.96.1-8.k.2.1|8|[[3, 0, 4, 1], [3, 6, 0, 1], [3, 6, 4, 7]]
8.96.1-8.k.2.2|8|[[5, 0, 0, 1], [7, 4, 4, 1], [7, 6, 0, 1]]
8.96.1-8.k.2.3|8|[[5, 4, 4, 7], [7, 0, 4, 1], [7, 6, 0, 1]]
8.96.1-8.k.2.4|8|[[1, 4, 4, 7], [1, 6, 4, 1], [5, 4, 0, 1]]
8.96.1-8.k.2.5|8|[[1, 0, 4, 7], [5, 4, 4, 7], [7, 6, 0, 1]]
8.96.1-8.k.2.6|8|[[3, 0, 4, 1], [5, 2, 4, 1], [7, 2, 4, 7]]
8.96.1-8.l.1.1|8|[[1, 6, 0, 5], [3, 6, 0, 1], [5, 0, 4, 1]]
8.96.1-8.l.1.2|8|[[1, 4, 4, 3], [1, 6, 0, 5], [5, 2, 4, 5]]
8.96.1-8.l.1.3|8|[[1, 2, 0, 5], [1, 2, 4, 7], [3, 6, 0, 1]]
8.96.1-8.l.1.4|8|[[1, 6, 0, 5], [3, 2, 4, 3], [5, 4, 0, 3]]
8.96.1-8.l.1.5|8|[[1, 6, 4, 7], [3, 6, 0, 1], [5, 2, 4, 5]]
8.96.1-8.l.1.6|8|[[1, 0, 4, 3], [3, 0, 0, 5], [5, 6, 0, 7]]
8.96.1-8.l.1.7|8|[[1, 0, 4, 3], [3, 6, 0, 1], [5, 4, 4, 1]]
8.96.1-8.l.1.8|8|[[3, 6, 4, 3], [5, 0, 4, 1], [5, 6, 0, 7]]
8.96.1-8.m.1.1|8|[[1, 0, 0, 3], [1, 4, 4, 5], [5, 2, 0, 3]]
8.96.1-8.m.1.2|8|[[1, 4, 0, 3], [3, 6, 4, 1], [5, 6, 0, 1]]
8.96.1-8.m.1.3|8|[[3, 2, 0, 5], [5, 6, 4, 5], [5, 6, 4, 7]]
8.96.1-8.m.1.4|8|[[1, 0, 4, 7], [3, 2, 0, 5], [3, 6, 4, 1]]
8.96.1-8.m.1.5|8|[[3, 6, 0, 5], [3, 6, 4, 1], [5, 6, 4, 5]]
8.96.1-8.m.1.6|8|[[3, 2, 0, 5], [5, 6, 4, 7], [7, 0, 0, 5]]
8.96.1-8.m.1.7|8|[[3, 2, 0, 7], [5, 2, 0, 3], [5, 6, 4, 5]]
8.96.1-8.m.1.8|8|[[3, 6, 4, 3], [5, 6, 0, 3], [7, 4, 0, 5]]
8.96.1-8.m.2.1|8|[[3, 4, 0, 1], [5, 2, 0, 1], [5, 2, 4, 5]]
8.96.1-8.m.2.2|8|[[1, 2, 0, 7], [1, 4, 4, 5], [5, 2, 4, 5]]
8.96.1-8.m.2.3|8|[[3, 2, 4, 3], [3, 4, 0, 1], [7, 6, 0, 1]]
8.96.1-8.m.2.4|8|[[1, 2, 0, 7], [3, 0, 4, 5], [5, 0, 0, 7]]
8.96.1-8.m.2.5|8|[[1, 6, 0, 7], [3, 4, 0, 1], [5, 2, 4, 5]]
8.96.1-8.m.2.6|8|[[1, 2, 4, 3], [3, 6, 0, 7], [7, 6, 0, 1]]
8.96.1-8.m.2.7|8|[[1, 0, 4, 5], [1, 6, 4, 3], [3, 0, 4, 5]]
8.96.1-8.m.2.8|8|[[3, 2, 0, 7], [3, 2, 4, 3], [5, 4, 4, 3]]
8.96.1-8.n.1.1|8|[[5, 2, 0, 7], [5, 6, 0, 1], [5, 6, 4, 5]]
8.96.1-8.n.1.2|8|[[3, 2, 4, 3], [7, 0, 0, 1], [7, 4, 4, 3]]
8.96.1-8.n.1.3|8|[[1, 0, 4, 3], [3, 6, 4, 5], [7, 4, 0, 1]]
8.96.1-8.n.1.4|8|[[1, 4, 0, 7], [3, 2, 0, 1], [3, 2, 4, 5]]
8.96.1-8.n.1.5|8|[[1, 0, 4, 5], [3, 6, 0, 1], [5, 2, 0, 1]]
8.96.1-8.n.1.6|8|[[1, 0, 0, 7], [5, 6, 0, 1], [7, 4, 4, 5]]
8.96.1-8.n.1.7|8|[[1, 0, 0, 7], [3, 2, 0, 7], [5, 2, 4, 5]]
8.96.1-8.n.1.8|8|[[3, 2, 0, 7], [3, 6, 4, 3], [5, 2, 0, 7]]
8.96.1-8.o.1.1|8|[[3, 2, 6, 1], [7, 4, 6, 5]]
8.96.1-8.o.1.2|8|[[5, 0, 2, 7], [7, 2, 6, 5]]
8.96.1-8.p.1.1|8|[[1, 6, 0, 3], [3, 2, 0, 1], [7, 2, 0, 3]]
8.96.1-8.p.1.2|8|[[5, 0, 0, 5], [5, 6, 0, 1], [7, 0, 0, 1]]
8.96.1-8.p.1.3|8|[[1, 0, 0, 7], [3, 2, 0, 1], [5, 0, 0, 3]]
8.96.1-8.p.1.4|8|[[1, 4, 0, 7], [1, 6, 0, 3], [3, 0, 0, 3]]
8.96.1-8.p.1.5|8|[[1, 4, 0, 7], [3, 0, 0, 3], [5, 6, 0, 7]]
8.96.1-8.p.1.6|8|[[1, 4, 0, 7], [5, 0, 0, 5], [5, 2, 0, 1]]
8.96.1-8.p.1.7|8|[[1, 6, 0, 3], [3, 0, 0, 5], [7, 2, 0, 3]]
8.96.1-8.p.1.8|8|[[1, 2, 0, 5], [3, 2, 0, 7], [5, 0, 0, 3]]
8.96.1-8.r.1.1|8|[[5, 4, 2, 7], [7, 3, 2, 5]]
8.96.1-8.r.1.2|8|[[1, 1, 4, 3], [5, 5, 6, 7]]
8.96.1-8.t.1.1|8|[[1, 6, 6, 7], [7, 1, 0, 1]]
8.96.1-8.u.1.1|8|[[3, 1, 6, 1], [7, 4, 6, 5], [7, 5, 6, 5]]
8.96.1-8.u.1.2|8|[[1, 7, 0, 7], [5, 7, 0, 3], [7, 5, 6, 5]]
8.96.1-8.u.1.3|8|[[3, 0, 0, 3], [3, 4, 6, 1], [3, 5, 0, 5]]
8.96.1-8.w.1.1|8|[[1, 3, 4, 3], [3, 0, 6, 1]]
8.96.1-8.w.1.2|8|[[1, 3, 6, 7], [1, 4, 2, 3]]
8.96.1-8.y.1.1|8|[[3, 7, 0, 5], [5, 1, 2, 3], [7, 4, 6, 5]]
8.96.1-8.y.1.2|8|[[1, 5, 0, 7], [5, 4, 0, 5], [7, 7, 6, 1]]
8.96.1-8.y.1.3|8|[[3, 4, 6, 1], [3, 7, 6, 5], [7, 3, 0, 1]]
8.96.1-8.z.1.1|8|[[3, 1, 4, 1], [7, 1, 0, 5]]
8.96.1-8.z.1.2|8|[[3, 5, 4, 1], [7, 0, 4, 3]]
8.96.1-8.ba.1.1|8|[[7, 5, 0, 5], [7, 7, 4, 5]]
8.96.1-8.ba.1.2|8|[[3, 1, 0, 1], [3, 2, 4, 7]]
8.96.1-8.bb.1.1|8|[[5, 7, 0, 3], [7, 1, 0, 1], [7, 4, 0, 3]]
8.96.1-8.bb.1.2|8|[[3, 5, 0, 1], [7, 1, 0, 5], [7, 5, 0, 1]]
8.96.1-8.bb.1.3|8|[[5, 3, 0, 3], [5, 3, 0, 7], [7, 5, 0, 5]]
8.96.1-8.bb.1.4|8|[[1, 7, 0, 3], [3, 1, 0, 5], [7, 0, 0, 3]]
8.96.1-8.bc.1.1|8|[[3, 4, 0, 3], [5, 2, 0, 1], [7, 5, 0, 1]]
8.96.1-8.bc.1.2|8|[[5, 2, 0, 1], [5, 4, 0, 5], [7, 5, 0, 1]]
8.96.1-8.bc.1.3|8|[[5, 4, 0, 5], [7, 2, 0, 3], [7, 5, 0, 1]]
8.96.1-8.bg.1.1|8|[[3, 5, 0, 1], [5, 7, 6, 3]]
8.96.1-8.bh.1.1|8|[[5, 3, 2, 5], [7, 0, 0, 3]]
8.96.1-8.bh.1.2|8|[[1, 4, 0, 5], [1, 5, 6, 1]]
8.96.1-8.bh.2.1|8|[[3, 6, 4, 7], [7, 5, 6, 7]]
8.96.1-8.bh.2.2|8|[[3, 1, 6, 7], [5, 6, 4, 1]]
8.96.1-8.bk.1.1|8|[[3, 5, 4, 5], [7, 5, 4, 5]]
8.96.1-8.bk.1.2|8|[[3, 0, 0, 7], [3, 1, 4, 1]]
8.96.1-8.bl.1.1|8|[[3, 7, 4, 1], [5, 6, 0, 1]]
8.96.1-8.bl.1.2|8|[[3, 6, 0, 7], [5, 5, 4, 7]]
8.96.1-8.bm.1.1|8|[[3, 1, 0, 5], [7, 1, 4, 1], [7, 5, 4, 1]]
8.96.1-8.bm.1.2|8|[[5, 3, 0, 3], [5, 4, 0, 5], [7, 4, 4, 3]]
8.96.1-8.bm.1.3|8|[[5, 3, 0, 3], [7, 4, 0, 7], [7, 5, 4, 1]]
8.96.1-8.bm.1.4|8|[[1, 7, 0, 7], [5, 4, 4, 1], [7, 4, 0, 7]]
8.96.1-8.bn.1.1|8|[[3, 7, 0, 5], [5, 2, 4, 1]]
8.96.1-8.bn.1.2|8|[[7, 1, 4, 1], [7, 6, 4, 3]]
8.96.1-8.bo.1.1|8|[[1, 1, 6, 3], [3, 5, 4, 5]]
8.96.1-8.bp.1.1|8|[[3, 1, 4, 5], [3, 1, 6, 1]]
8.96.2-8.a.1.1|8|[[1, 0, 0, 5], [1, 0, 0, 7], [3, 0, 4, 1], [3, 4, 0, 3]]
8.96.2-8.a.1.2|8|[[1, 0, 0, 5], [1, 0, 0, 7], [5, 0, 4, 7], [5, 4, 0, 5]]
8.96.2-8.a.1.3|8|[[1, 0, 0, 5], [5, 0, 4, 7], [5, 4, 0, 5], [7, 4, 4, 3]]
8.96.2-8.a.1.4|8|[[1, 0, 0, 5], [1, 0, 0, 7], [3, 4, 0, 3], [7, 4, 4, 5]]
8.96.2-8.a.1.5|8|[[3, 0, 4, 1], [5, 4, 0, 1], [5, 4, 0, 3], [7, 0, 0, 1]]
8.96.2-8.a.1.6|8|[[1, 0, 0, 3], [5, 0, 4, 7], [5, 4, 0, 5], [7, 4, 4, 1]]
8.96.2-8.a.1.7|8|[[1, 0, 0, 7], [5, 0, 4, 7], [5, 4, 0, 5], [7, 4, 4, 1]]
8.96.2-8.a.1.8|8|[[1, 0, 0, 7], [3, 0, 4, 1], [3, 4, 0, 3], [5, 4, 0, 1]]
8.96.2-8.a.1.9|8|[[1, 0, 0, 7], [3, 4, 0, 7], [5, 4, 0, 5], [7, 4, 4, 5]]
8.96.2-8.a.1.10|8|[[1, 0, 0, 7], [3, 4, 0, 3], [5, 4, 0, 1], [7, 4, 4, 5]]
8.96.2-8.a.1.11|8|[[1, 0, 0, 5], [3, 4, 0, 5], [5, 4, 0, 5], [7, 4, 4, 5]]
8.96.2-8.a.1.12|8|[[1, 0, 0, 5], [3, 4, 0, 3], [5, 4, 0, 3], [7, 4, 4, 5]]
8.192.1-8.a.1.1|8|[[1, 4, 0, 1], [1, 6, 4, 7], [3, 6, 0, 1]]
8.192.1-8.a.1.2|8|[[1, 4, 0, 1], [3, 6, 0, 1], [7, 6, 4, 1]]
8.192.1-8.a.1.3|8|[[3, 6, 0, 1], [7, 2, 4, 1], [7, 4, 0, 7]]
8.192.1-8.a.1.4|8|[[5, 0, 4, 1], [7, 2, 4, 1], [7, 4, 0, 7]]
8.192.1-8.a.1.5|8|[[1, 4, 0, 1], [1, 6, 4, 7], [5, 6, 0, 7]]
8.192.1-8.a.1.6|8|[[1, 4, 0, 1], [5, 6, 0, 7], [7, 6, 4, 1]]
8.192.1-8.a.2.1|8|[[1, 0, 4, 3], [1, 4, 0, 1], [5, 0, 0, 3]]
8.192.1-8.a.2.2|8|[[1, 0, 4, 3], [1, 4, 0, 1], [3, 4, 0, 5]]
8.192.1-8.a.2.3|8|[[1, 4, 0, 1], [5, 0, 0, 3], [7, 4, 4, 5]]
8.192.1-8.a.2.4|8|[[1, 4, 0, 1], [3, 4, 0, 5], [5, 0, 4, 1]]
8.192.1-8.a.2.5|8|[[5, 0, 4, 1], [5, 4, 0, 3], [7, 4, 0, 7]]
8.192.1-8.a.2.6|8|[[1, 0, 4, 3], [5, 4, 0, 3], [7, 4, 0, 7]]
8.192.1-8.b.1.1|8|[[1, 4, 0, 1], [5, 0, 0, 3], [7, 0, 0, 3]]
8.192.1-8.b.1.2|8|[[1, 4, 0, 1], [1, 4, 0, 5], [3, 4, 0, 5]]
8.192.1-8.b.1.3|8|[[5, 4, 0, 3], [7, 0, 0, 3], [7, 4, 0, 7]]
8.192.1-8.b.1.4|8|[[1, 0, 0, 5], [3, 0, 0, 1], [7, 4, 0, 7]]
8.192.1-8.b.1.5|8|[[1, 4, 0, 1], [1, 4, 0, 5], [5, 0, 0, 3]]
8.192.1-8.b.1.6|8|[[1, 4, 0, 1], [3, 4, 0, 5], [7, 0, 0, 3]]
8.192.1-8.b.2.1|8|[[1, 4, 0, 1], [5, 0, 0, 1], [5, 0, 0, 3]]
8.192.1-8.b.2.2|8|[[1, 0, 0, 3], [1, 4, 0, 1], [3, 4, 0, 5]]
8.192.1-8.b.2.3|8|[[1, 4, 0, 1], [3, 4, 0, 7], [5, 0, 0, 3]]
8.192.1-8.b.2.4|8|[[1, 4, 0, 1], [3, 4, 0, 5], [5, 0, 0, 1]]
8.192.1-8.b.2.5|8|[[5, 0, 0, 1], [5, 4, 0, 3], [7, 4, 0, 7]]
8.192.1-8.b.2.6|8|[[1, 0, 0, 3], [5, 4, 0, 3], [7, 4, 0, 7]]
8.192.1-8.c.1.1|8|[[3, 2, 4, 7], [7, 2, 4, 5]]
8.192.1-8.c.1.2|8|[[3, 4, 0, 5], [7, 2, 4, 5]]
8.192.1-8.c.1.3|8|[[1, 2, 4, 3], [3, 4, 0, 5]]
8.192.1-8.c.1.4|8|[[1, 2, 4, 3], [5, 2, 4, 1]]
8.192.1-8.c.2.1|8|[[3, 4, 0, 5], [5, 2, 4, 7]]
8.192.1-8.c.2.2|8|[[1, 2, 4, 5], [5, 2, 4, 7]]
8.192.1-8.c.2.3|8|[[3, 6, 4, 1], [7, 2, 4, 3]]
8.192.1-8.c.2.4|8|[[1, 6, 4, 5], [3, 0, 0, 5]]
8.192.1-8.d.1.1|8|[[1, 0, 4, 1], [1, 4, 4, 5], [5, 2, 4, 7]]
8.192.1-8.d.1.2|8|[[1, 0, 4, 1], [5, 2, 4, 7], [7, 4, 0, 3]]
8.192.1-8.d.1.3|8|[[1, 0, 4, 1], [3, 6, 0, 1], [7, 4, 0, 3]]
8.192.1-8.d.1.4|8|[[1, 0, 4, 1], [1, 4, 4, 5], [3, 6, 0, 1]]
8.192.1-8.d.1.5|8|[[5, 2, 4, 7], [7, 0, 4, 7], [7, 4, 4, 3]]
8.192.1-8.d.1.6|8|[[5, 2, 4, 7], [7, 0, 4, 7], [7, 4, 0, 3]]
8.192.1-8.d.1.7|8|[[5, 2, 0, 7], [7, 0, 4, 7], [7, 4, 0, 3]]
8.192.1-8.d.1.8|8|[[3, 2, 4, 5], [7, 0, 4, 7], [7, 4, 4, 3]]
8.192.1-8.e.1.1|8|[[1, 4, 0, 1], [5, 0, 0, 1], [7, 0, 6, 5]]
8.192.1-8.e.1.2|8|[[1, 4, 0, 1], [5, 4, 2, 3], [7, 0, 6, 5]]
8.192.1-8.e.1.3|8|[[1, 0, 2, 3], [5, 4, 2, 3], [7, 4, 0, 7]]
8.192.1-8.e.1.4|8|[[1, 4, 2, 3], [5, 0, 0, 1], [7, 4, 0, 7]]
8.192.1-8.e.2.1|8|[[1, 4, 0, 1], [7, 0, 6, 5], [7, 4, 0, 3]]
8.192.1-8.e.2.2|8|[[1, 4, 0, 1], [7, 0, 6, 1], [7, 0, 6, 5]]
8.192.1-8.e.2.3|8|[[1, 0, 0, 5], [1, 0, 2, 3], [7, 4, 0, 7]]
8.192.1-8.e.2.4|8|[[1, 0, 2, 7], [1, 4, 2, 3], [7, 4, 6, 1]]
8.192.1-8.f.1.1|8|[[1, 0, 4, 1], [1, 0, 4, 7], [1, 4, 4, 5]]
8.192.1-8.f.1.2|8|[[1, 0, 4, 1], [7, 0, 0, 1], [7, 4, 0, 3]]
8.192.1-8.f.1.3|8|[[1, 0, 0, 7], [7, 0, 4, 7], [7, 4, 4, 3]]
8.192.1-8.f.1.4|8|[[1, 0, 4, 7], [7, 0, 4, 7], [7, 4, 0, 3]]
8.192.1-8.f.1.5|8|[[1, 0, 4, 1], [1, 0, 4, 7], [7, 4, 0, 3]]
8.192.1-8.f.1.6|8|[[1, 0, 4, 1], [1, 4, 4, 5], [7, 0, 0, 1]]
8.192.1-8.f.2.1|8|[[1, 4, 0, 1], [7, 4, 4, 1], [7, 4, 4, 3]]
8.192.1-8.f.2.2|8|[[1, 0, 4, 5], [1, 4, 0, 1], [7, 4, 4, 1]]
8.192.1-8.f.2.3|8|[[1, 0, 4, 5], [1, 0, 4, 7], [1, 4, 0, 1]]
8.192.1-8.f.2.4|8|[[1, 0, 4, 7], [1, 4, 0, 1], [7, 4, 4, 3]]
8.192.1-8.f.2.5|8|[[1, 0, 0, 3], [7, 0, 4, 3], [7, 4, 0, 7]]
8.192.1-8.f.2.6|8|[[1, 0, 4, 5], [7, 0, 4, 1], [7, 4, 4, 3]]
8.192.1-8.g.1.1|8|[[1, 4, 0, 1], [3, 0, 0, 1], [5, 4, 0, 1]]
8.192.1-8.g.1.2|8|[[1, 0, 0, 7], [3, 4, 0, 7], [7, 4, 0, 7]]
8.192.1-8.g.1.3|8|[[1, 4, 0, 1], [3, 0, 0, 1], [3, 0, 0, 7]]
8.192.1-8.g.1.4|8|[[3, 0, 0, 1], [3, 0, 0, 7], [5, 4, 0, 1]]
8.192.1-8.g.1.5|8|[[1, 4, 0, 1], [3, 0, 0, 7], [7, 4, 0, 1]]
8.192.1-8.g.1.6|8|[[1, 0, 0, 7], [1, 4, 0, 1], [5, 4, 0, 1]]
8.192.1-8.g.2.1|8|[[1, 4, 0, 1], [7, 4, 0, 1], [7, 4, 0, 3]]
8.192.1-8.g.2.2|8|[[1, 0, 0, 5], [1, 4, 0, 1], [7, 4, 0, 1]]
8.192.1-8.g.2.3|8|[[1, 0, 0, 3], [7, 0, 0, 3], [7, 4, 0, 7]]
8.192.1-8.g.2.4|8|[[1, 0, 0, 5], [7, 0, 0, 1], [7, 4, 0, 7]]
8.192.1-8.g.2.5|8|[[1, 0, 0, 3], [1, 0, 0, 5], [1, 4, 0, 1]]
8.192.1-8.g.2.6|8|[[1, 0, 0, 7], [1, 4, 0, 1], [7, 4, 0, 3]]
8.192.1-8.h.1.1|8|[[1, 2, 0, 7], [3, 2, 4, 7]]
8.192.1-8.h.1.2|8|[[3, 4, 4, 1], [5, 2, 4, 1]]
8.192.1-8.h.1.3|8|[[5, 4, 4, 7], [7, 6, 0, 1]]
8.192.1-8.h.1.4|8|[[1, 2, 0, 7], [5, 6, 4, 1]]
8.192.1-8.h.2.1|8|[[3, 6, 4, 5], [3, 6, 4, 7]]
8.192.1-8.h.2.2|8|[[1, 4, 0, 3], [5, 2, 4, 3]]
8.192.1-8.h.2.3|8|[[5, 2, 4, 3], [7, 0, 0, 5]]
8.192.1-8.h.2.4|8|[[3, 2, 4, 5], [5, 6, 4, 1]]
8.192.1-8.i.1.1|8|[[3, 2, 0, 1], [3, 4, 0, 5]]
8.192.1-8.i.1.2|8|[[1, 6, 0, 5], [5, 4, 0, 3]]
8.192.1-8.i.1.3|8|[[5, 0, 0, 3], [7, 6, 0, 3]]
8.192.1-8.i.1.4|8|[[3, 0, 0, 5], [7, 6, 0, 3]]
8.192.1-8.i.2.1|8|[[1, 4, 0, 3], [5, 2, 0, 3]]
8.192.1-8.i.2.2|8|[[5, 2, 0, 1], [7, 0, 0, 5]]
8.192.1-8.i.2.3|8|[[1, 0, 0, 3], [3, 2, 0, 5]]
8.192.1-8.i.2.4|8|[[3, 2, 0, 7], [5, 6, 0, 3]]
8.192.1-8.j.1.1|8|[[3, 6, 0, 1], [5, 2, 0, 1]]
8.192.1-8.j.1.2|8|[[1, 4, 0, 7], [3, 6, 0, 7]]
8.192.1-8.j.1.3|8|[[5, 2, 0, 1], [5, 2, 0, 7]]
8.192.1-8.j.1.4|8|[[3, 2, 0, 7], [5, 6, 0, 7]]
8.192.1-8.j.2.1|8|[[1, 6, 0, 5], [1, 6, 0, 7]]
8.192.1-8.j.2.2|8|[[1, 2, 0, 5], [7, 6, 0, 1]]
8.192.1-8.j.2.3|8|[[1, 0, 0, 3], [7, 6, 0, 1]]
8.192.1-8.j.2.4|8|[[7, 4, 0, 5], [7, 6, 0, 3]]
8.192.1-8.k.1.1|8|[[7, 4, 6, 5], [7, 5, 0, 1]]
8.192.1-8.k.1.2|8|[[1, 7, 0, 7], [7, 1, 6, 5]]
8.192.1-8.l.1.1|8|[[5, 4, 0, 1], [7, 5, 0, 5]]
8.192.1-8.l.1.2|8|[[3, 4, 0, 7], [7, 1, 0, 5]]
8.192.1-8.l.2.1|8|[[7, 0, 0, 3], [7, 5, 0, 5]]
8.192.1-8.l.2.2|8|[[1, 0, 0, 5], [7, 1, 0, 1]]
8.192.1-8.m.1.1|8|[[1, 6, 0, 5], [1, 7, 0, 7]]
8.192.1-8.m.1.2|8|[[7, 1, 0, 1], [7, 2, 0, 3]]
8.192.1-8.m.1.3|8|[[1, 6, 0, 5], [7, 1, 0, 1]]
8.192.1-8.m.1.4|8|[[1, 7, 0, 7], [7, 2, 0, 3]]
8.192.3-8.a.1.1|8|[[1, 4, 4, 5], [5, 6, 2, 7]]
8.192.3-8.a.1.2|8|[[3, 4, 4, 7], [7, 2, 6, 5]]
8.192.3-8.b.1.1|8|[[1, 0, 4, 5], [3, 6, 2, 1]]
8.192.3-8.b.1.2|8|[[1, 2, 6, 3], [3, 0, 4, 7]]
8.192.3-8.c.1.1|8|[[3, 0, 4, 1], [5, 4, 0, 3], [7, 0, 0, 3]]
8.192.3-8.c.1.2|8|[[1, 0, 0, 5], [3, 0, 4, 1], [3, 4, 0, 5]]
8.192.3-8.c.1.3|8|[[3, 0, 4, 5], [5, 0, 4, 7], [5, 4, 0, 3]]
8.192.3-8.c.1.4|8|[[1, 0, 0, 5], [5, 0, 4, 7], [7, 4, 4, 3]]
8.192.3-8.c.1.5|8|[[1, 0, 0, 5], [5, 0, 4, 7], [5, 4, 0, 3]]
8.192.3-8.c.1.6|8|[[3, 0, 4, 5], [5, 0, 4, 7], [7, 4, 4, 3]]
8.192.3-8.d.1.1|8|[[1, 0, 2, 3], [5, 4, 2, 7], [7, 4, 6, 1]]
8.192.3-8.d.1.2|8|[[1, 0, 2, 3], [5, 0, 0, 1], [5, 4, 2, 7]]
8.192.3-8.d.1.3|8|[[1, 0, 2, 3], [1, 4, 2, 7], [3, 4, 0, 3]]
8.192.3-8.d.1.4|8|[[3, 4, 0, 3], [3, 4, 6, 1], [5, 0, 0, 1]]
8.192.3-8.d.1.5|8|[[3, 4, 6, 1], [5, 0, 0, 1], [7, 0, 6, 5]]
8.192.3-8.d.1.6|8|[[1, 4, 2, 7], [3, 4, 6, 1], [7, 0, 6, 5]]
8.192.3-8.e.1.1|8|[[1, 0, 0, 7], [3, 0, 0, 5], [3, 4, 4, 1]]
8.192.3-8.e.1.2|8|[[1, 0, 0, 7], [1, 4, 4, 5], [5, 0, 0, 5]]
8.192.3-8.e.1.3|8|[[3, 0, 0, 5], [3, 4, 4, 7], [5, 0, 0, 5]]
8.192.3-8.e.1.4|8|[[1, 4, 4, 5], [3, 4, 4, 7], [7, 4, 4, 5]]
8.192.3-8.f.1.1|8|[[1, 0, 4, 5], [5, 0, 0, 3], [5, 4, 0, 5]]
8.192.3-8.f.1.2|8|[[1, 0, 4, 5], [3, 0, 0, 5], [3, 4, 4, 7]]
8.192.3-8.f.1.3|8|[[3, 4, 4, 7], [5, 4, 0, 5], [7, 4, 0, 1]]
8.192.3-8.f.1.4|8|[[3, 0, 4, 1], [7, 0, 4, 3], [7, 4, 0, 1]]
8.192.3-8.f.1.5|8|[[3, 4, 4, 7], [5, 4, 0, 5], [7, 4, 4, 5]]
8.192.3-8.f.1.6|8|[[3, 0, 0, 5], [7, 0, 4, 3], [7, 4, 4, 5]]
8.192.3-8.f.1.7|8|[[5, 4, 0, 5], [7, 4, 0, 1], [7, 4, 4, 5]]
8.192.3-8.f.1.8|8|[[3, 4, 4, 7], [7, 4, 0, 1], [7, 4, 4, 5]]
8.192.3-8.f.2.1|8|[[3, 0, 4, 7], [5, 0, 4, 7], [5, 4, 0, 5]]
8.192.3-8.f.2.2|8|[[1, 0, 0, 7], [5, 0, 4, 7], [5, 4, 0, 3]]
8.192.3-8.f.2.3|8|[[3, 0, 4, 1], [5, 4, 0, 3], [7, 0, 0, 1]]
8.192.3-8.f.2.4|8|[[1, 0, 0, 7], [1, 4, 4, 5], [3, 0, 4, 7]]
8.192.3-8.f.2.5|8|[[3, 0, 4, 1], [7, 0, 0, 1], [7, 4, 4, 5]]
8.192.3-8.f.2.6|8|[[1, 0, 0, 7], [3, 0, 4, 7], [5, 4, 0, 3]]
8.192.3-8.f.2.7|8|[[3, 0, 4, 7], [5, 0, 4, 7], [5, 4, 0, 3]]
8.192.3-8.f.2.8|8|[[1, 0, 0, 7], [5, 0, 4, 7], [7, 4, 4, 5]]
8.192.3-8.g.1.1|8|[[1, 0, 0, 3], [1, 0, 0, 7], [3, 0, 0, 3]]
8.192.3-8.g.1.2|8|[[5, 0, 0, 1], [5, 0, 0, 5], [5, 0, 0, 7]]
8.192.3-8.g.1.3|8|[[5, 0, 0, 5], [7, 0, 0, 3], [7, 0, 0, 5]]
8.192.3-8.g.1.4|8|[[3, 0, 0, 3], [5, 0, 0, 1], [5, 0, 0, 7]]
8.192.3-8.g.2.1|8|[[3, 0, 0, 3], [5, 4, 0, 1], [7, 0, 0, 1]]
8.192.3-8.g.2.2|8|[[5, 4, 0, 1], [7, 0, 0, 1], [7, 4, 0, 5]]
8.192.3-8.g.2.3|8|[[1, 0, 0, 7], [3, 0, 0, 3], [3, 4, 0, 7]]
8.192.3-8.g.2.4|8|[[1, 0, 0, 7], [3, 4, 0, 7], [7, 4, 0, 5]]
8.192.3-8.g.2.5|8|[[5, 4, 0, 7], [7, 0, 0, 1], [7, 4, 0, 3]]
8.192.3-8.g.2.6|8|[[5, 4, 0, 7], [7, 0, 0, 1], [7, 4, 0, 5]]
8.192.3-8.g.2.7|8|[[1, 0, 0, 7], [1, 4, 0, 5], [5, 4, 0, 7]]
8.192.3-8.g.2.8|8|[[1, 0, 0, 7], [5, 4, 0, 7], [7, 4, 0, 5]]
8.192.3-8.h.1.1|8|[[1, 0, 0, 5], [1, 0, 0, 7], [5, 4, 0, 5]]
8.192.3-8.h.1.2|8|[[1, 0, 0, 5], [1, 0, 0, 7], [3, 4, 0, 3]]
8.192.3-8.h.1.3|8|[[1, 0, 0, 3], [3, 4, 0, 7], [5, 4, 0, 5]]
8.192.3-8.h.1.4|8|[[5, 4, 0, 1], [5, 4, 0, 3], [7, 0, 0, 1]]
8.192.3-8.h.1.5|8|[[1, 0, 0, 7], [3, 4, 0, 7], [5, 4, 0, 5]]
8.192.3-8.h.1.6|8|[[1, 0, 0, 7], [3, 4, 0, 3], [5, 4, 0, 1]]
8.192.3-8.h.1.7|8|[[1, 0, 0, 5], [3, 4, 0, 5], [5, 4, 0, 5]]
8.192.3-8.h.1.8|8|[[1, 0, 0, 5], [3, 4, 0, 3], [5, 4, 0, 3]]
8.192.3-8.h.2.1|8|[[1, 4, 0, 3], [3, 0, 0, 7], [7, 0, 0, 1]]
8.192.3-8.h.2.2|8|[[1, 0, 0, 7], [1, 4, 0, 3], [5, 0, 0, 1]]
8.192.3-8.h.2.3|8|[[1, 4, 0, 3], [5, 0, 0, 1], [7, 0, 0, 1]]
8.192.3-8.h.2.4|8|[[1, 0, 0, 7], [1, 4, 0, 3], [3, 0, 0, 7]]
8.192.3-8.h.2.5|8|[[5, 0, 0, 1], [7, 0, 0, 1], [7, 4, 0, 5]]
8.192.3-8.h.2.6|8|[[3, 0, 0, 1], [5, 4, 0, 3], [7, 4, 0, 5]]
8.192.3-8.h.2.7|8|[[5, 4, 0, 3], [7, 0, 0, 1], [7, 4, 0, 5]]
8.192.3-8.h.2.8|8|[[5, 0, 0, 1], [7, 4, 0, 3], [7, 4, 0, 5]]
8.192.3-8.i.1.1|8|[[1, 0, 0, 3], [1, 0, 0, 7], [1, 4, 4, 1]]
8.192.3-8.i.1.2|8|[[1, 0, 0, 3], [1, 0, 0, 7], [7, 4, 4, 1]]
8.192.3-8.i.1.3|8|[[1, 0, 0, 3], [1, 4, 4, 1], [7, 4, 4, 1]]
8.192.3-8.i.1.4|8|[[1, 0, 0, 3], [1, 4, 4, 7], [7, 0, 0, 1]]
8.192.3-8.i.1.5|8|[[1, 0, 0, 7], [1, 4, 4, 1], [7, 4, 4, 3]]
8.192.3-8.i.1.6|8|[[1, 0, 0, 5], [1, 4, 4, 1], [7, 4, 4, 1]]
8.192.3-8.j.1.1|8|[[1, 0, 4, 3], [1, 0, 4, 5], [1, 4, 4, 1]]
8.192.3-8.j.1.2|8|[[1, 0, 4, 3], [1, 0, 4, 5], [7, 4, 4, 1]]
8.192.3-8.j.1.3|8|[[1, 0, 4, 3], [1, 4, 4, 1], [7, 4, 4, 1]]
8.192.3-8.j.1.4|8|[[1, 0, 4, 3], [1, 4, 0, 5], [7, 0, 0, 1]]
8.192.3-8.j.1.5|8|[[1, 0, 0, 7], [1, 4, 4, 1], [7, 4, 0, 5]]
8.192.3-8.j.1.6|8|[[1, 0, 4, 5], [1, 4, 4, 1], [7, 4, 4, 1]]
8.192.3-8.l.1.1|8|[[0, 5, 5, 0], [0, 5, 7, 0]]
8.192.3-8.l.1.2|8|[[0, 5, 7, 0], [5, 0, 0, 7]]
8.192.3-8.m.1.1|8|[[1, 4, 4, 5], [3, 7, 4, 5]]
8.192.3-8.m.1.2|8|[[3, 4, 4, 7], [3, 7, 4, 5]]
8.192.3-8.n.1.1|8|[[0, 3, 7, 0], [0, 7, 7, 0]]
8.192.3-8.n.1.2|8|[[0, 5, 5, 0], [3, 0, 0, 7]]
8.384.5-8.a.1.1|8|[[1, 0, 4, 3], [3, 4, 0, 5]]
8.384.5-8.a.1.2|8|[[1, 0, 4, 3], [5, 4, 0, 3]]
8.384.5-8.a.1.3|8|[[3, 4, 0, 5], [5, 4, 4, 1]]
8.384.5-8.a.1.4|8|[[3, 4, 4, 7], [5, 4, 0, 3]]
8.384.5-8.b.1.1|8|[[5, 0, 0, 3], [7, 0, 0, 3]]
8.384.5-8.b.1.2|8|[[1, 0, 0, 5], [3, 0, 0, 5]]
8.384.5-8.b.1.3|8|[[1, 0, 0, 5], [5, 0, 0, 3]]
8.384.5-8.b.1.4|8|[[3, 0, 0, 5], [7, 0, 0, 3]]
8.384.5-8.b.2.1|8|[[3, 4, 0, 1], [5, 0, 0, 3]]
8.384.5-8.b.2.2|8|[[1, 4, 0, 5], [3, 0, 0, 5]]
8.384.5-8.b.2.3|8|[[1, 4, 0, 5], [5, 0, 0, 3]]
8.384.5-8.b.2.4|8|[[3, 0, 0, 5], [5, 4, 0, 7]]
8.384.5-8.b.3.1|8|[[1, 0, 0, 3], [3, 4, 0, 5]]
8.384.5-8.b.3.2|8|[[5, 4, 0, 1], [5, 4, 0, 3]]
8.384.5-8.b.3.3|8|[[3, 4, 0, 5], [5, 4, 0, 1]]
8.384.5-8.b.3.4|8|[[3, 4, 0, 7], [5, 4, 0, 3]]
8.384.5-8.c.1.1|8|[[1, 0, 0, 7], [1, 4, 4, 5]]
8.384.5-8.c.1.2|8|[[7, 0, 0, 1], [7, 4, 4, 3]]
8.384.5-8.c.1.3|8|[[1, 0, 0, 7], [7, 4, 4, 5]]
8.384.5-8.c.1.4|8|[[1, 4, 4, 5], [7, 0, 0, 1]]
8.384.5-8.d.1.1|8|[[1, 0, 0, 5], [1, 0, 0, 7]]
8.384.5-8.d.1.2|8|[[7, 0, 0, 1], [7, 0, 0, 3]]
8.384.5-8.d.1.3|8|[[1, 0, 0, 7], [7, 0, 0, 3]]
8.384.5-8.d.1.4|8|[[1, 0, 0, 5], [7, 0, 0, 1]]
8.384.5-8.d.2.1|8|[[3, 4, 0, 1], [5, 4, 0, 1]]
8.384.5-8.d.2.2|8|[[3, 4, 0, 1], [3, 4, 0, 7]]
8.384.5-8.d.2.3|8|[[3, 4, 0, 7], [5, 4, 0, 7]]
8.384.5-8.d.2.4|8|[[5, 4, 0, 1], [5, 4, 0, 7]]
8.384.5-8.d.3.1|8|[[1, 0, 0, 7], [1, 4, 0, 3]]
8.384.5-8.d.3.2|8|[[7, 0, 0, 1], [7, 4, 0, 3]]
8.384.5-8.d.3.3|8|[[1, 0, 0, 7], [7, 4, 0, 3]]
8.384.5-8.d.3.4|8|[[1, 4, 0, 5], [7, 0, 0, 1]]
9.24.0-9.a.1.1|9|[[5, 0, 0, 7], [7, 2, 0, 1]]
9.24.0-9.a.1.2|9|[[4, 3, 0, 5], [7, 2, 0, 8]]
9.24.0-9.b.1.1|9|[[7, 4, 6, 1], [8, 2, 6, 1]]
9.24.0-9.b.1.2|9|[[4, 4, 3, 2], [7, 4, 6, 4]]
9.24.1-9.a.1.1|9|[[7, 2, 6, 1], [8, 8, 3, 1]]
9.24.1-9.a.1.2|9|[[4, 1, 3, 1], [7, 8, 3, 8]]
9.72.0-9.a.1.1|9|[[4, 0, 3, 1], [4, 3, 0, 1], [5, 6, 0, 1]]
9.72.0-9.a.1.2|9|[[4, 0, 3, 8], [4, 6, 0, 1], [7, 0, 6, 8]]
9.72.0-9.b.1.1|9|[[4, 6, 6, 5], [7, 0, 0, 8]]
9.72.0-9.c.1.1|9|[[1, 3, 3, 8], [4, 3, 3, 4], [7, 3, 0, 2]]
9.72.0-9.d.1.1|9|[[8, 6, 0, 7], [8, 7, 0, 4]]
9.72.0-9.d.1.2|9|[[1, 1, 0, 4], [1, 1, 0, 8]]
9.72.0-9.d.2.1|9|[[7, 1, 0, 1], [7, 3, 0, 8]]
9.72.0-9.d.2.2|9|[[1, 1, 0, 1], [5, 5, 0, 1]]
9.72.0-9.e.1.1|9|[[2, 7, 0, 7], [5, 2, 0, 4]]
9.72.0-9.e.1.2|9|[[1, 5, 0, 8], [7, 4, 0, 7]]
9.72.0-9.f.1.1|9|[[1, 5, 6, 5], [4, 1, 3, 5]]
9.72.0-9.f.1.2|9|[[7, 2, 3, 4], [8, 8, 6, 4]]
9.72.0-9.f.2.1|9|[[4, 7, 6, 1], [5, 5, 6, 4]]
9.72.0-9.f.2.2|9|[[4, 2, 3, 7], [4, 5, 6, 5]]
9.72.0-9.g.1.1|9|[[1, 5, 3, 1], [2, 7, 3, 7], [8, 4, 3, 1]]
9.72.0-9.g.1.2|9|[[1, 1, 6, 1], [4, 0, 0, 5], [7, 8, 6, 2]]
9.72.1-9.a.1.1|9|[[7, 3, 0, 7], [8, 6, 0, 4]]
9.72.1-9.a.1.2|9|[[4, 0, 0, 8], [7, 6, 0, 2]]
9.72.1-9.b.1.1|9|[[2, 2, 3, 4], [7, 4, 3, 4]]
9.72.1-9.b.1.2|9|[[1, 0, 0, 8], [7, 2, 3, 5]]
9.72.1-9.b.2.1|9|[[1, 8, 6, 7], [4, 1, 6, 2]]
9.72.1-9.b.2.2|9|[[8, 2, 3, 7], [8, 7, 6, 7]]
9.72.1-9.c.1.1|9|[[1, 7, 3, 1], [2, 5, 3, 7]]
9.72.1-9.c.1.2|9|[[1, 7, 6, 8], [7, 4, 3, 7]]
9.72.2-9.a.1.1|9|[[1, 6, 3, 2], [4, 0, 0, 2]]
9.216.1-9.a.1.1|9|[[4, 3, 0, 1], [5, 3, 0, 1]]
9.216.1-9.a.1.2|9|[[1, 6, 0, 8], [7, 0, 0, 8]]
9.216.1-9.a.2.1|9|[[1, 6, 0, 1], [1, 6, 0, 2]]
9.216.1-9.a.2.2|9|[[1, 6, 0, 4], [8, 3, 0, 4]]
9.216.1-9.b.1.1|9|[[1, 3, 0, 1], [2, 6, 0, 7]]
9.216.1-9.b.1.2|9|[[4, 3, 0, 5], [7, 6, 0, 2]]
9.216.3-9.a.1.1|9|[[5, 0, 3, 4], [7, 7, 6, 4]]
9.216.3-9.a.1.2|9|[[4, 0, 6, 5], [7, 8, 3, 1]]
9.216.4-9.a.1.1|9|[[2, 0, 0, 1], [2, 6, 3, 1]]
9.216.4-9.a.1.2|9|[[1, 0, 0, 8], [7, 3, 6, 8]]
9.216.4-9.b.1.1|9|[[1, 6, 3, 1], [5, 0, 0, 1]]
9.216.4-9.b.1.2|9|[[1, 6, 3, 1], [7, 0, 0, 8]]
9.216.4-9.c.1.1|9|[[4, 0, 0, 1], [4, 0, 0, 2]]
9.216.4-9.d.1.1|9|[[1, 3, 3, 7], [7, 2, 6, 2]]
9.216.4-9.e.1.1|9|[[0, 1, 4, 0], [0, 4, 1, 0]]
9.648.10-9.a.1.1|9|[[5, 0, 0, 1]]
9.648.10-9.a.1.2|9|[[7, 0, 0, 8]]
9.648.10-9.b.1.1|9|[[4, 0, 0, 5]]
10.48.1-10.a.1.1|10|[[1, 9, 3, 0], [8, 3, 7, 3]]
10.48.1-10.a.1.2|10|[[4, 1, 1, 3], [8, 9, 7, 5]]
10.48.1-10.a.2.1|10|[[1, 1, 5, 8], [5, 3, 3, 2]]
10.48.1-10.a.2.2|10|[[3, 0, 8, 9], [5, 1, 7, 6]]
10.48.1-10.b.1.1|10|[[1, 9, 8, 5], [2, 7, 1, 3]]
10.48.1-10.b.1.2|10|[[0, 3, 3, 7], [5, 3, 4, 9]]
10.48.1-10.b.2.1|10|[[5, 3, 3, 2], [9, 2, 1, 5]]
10.48.1-10.b.2.2|10|[[1, 3, 4, 5], [4, 9, 5, 2]]
10.72.0-10.a.1.1|10|[[3, 4, 0, 9], [9, 9, 0, 1]]
10.72.0-10.a.1.2|10|[[7, 3, 0, 1], [7, 6, 0, 1]]
10.72.0-10.a.1.3|10|[[3, 3, 0, 9], [9, 7, 0, 9]]
10.72.0-10.a.1.4|10|[[7, 9, 0, 1], [9, 1, 0, 9]]
10.72.0-10.a.2.1|10|[[1, 3, 0, 3], [1, 6, 0, 7]]
10.72.0-10.a.2.2|10|[[1, 3, 0, 7], [9, 2, 0, 7]]
10.72.0-10.a.2.3|10|[[9, 1, 0, 3], [9, 6, 0, 7]]
10.72.0-10.a.2.4|10|[[1, 2, 0, 3], [9, 1, 0, 3]]
10.144.1-10.a.1.1|10|[[9, 2, 0, 7], [9, 6, 0, 7]]
10.144.1-10.a.1.2|10|[[1, 4, 0, 9], [1, 8, 0, 3]]
10.144.1-10.a.2.1|10|[[3, 4, 0, 9], [7, 0, 0, 9]]
10.144.1-10.a.2.2|10|[[7, 8, 0, 1], [9, 0, 0, 1]]
10.144.1-10.b.1.1|10|[[9, 3, 0, 7], [9, 7, 0, 7]]
10.144.1-10.b.1.2|10|[[1, 2, 0, 1], [1, 5, 0, 3]]
10.144.1-10.b.2.1|10|[[3, 1, 0, 1], [9, 8, 0, 1]]
10.144.1-10.b.2.2|10|[[3, 1, 0, 9], [7, 3, 0, 9]]
10.240.5-10.c.1.1|10|[[2, 1, 5, 9]]
10.240.5-10.c.1.2|10|[[8, 9, 5, 1]]
10.240.5-10.e.1.1|10|[[4, 9, 5, 2], [6, 5, 5, 1]]
10.240.5-10.e.1.2|10|[[1, 3, 0, 7], [6, 9, 5, 9]]
10.360.4-10.a.1.1|10|[[1, 5, 0, 1], [7, 6, 0, 9]]
10.360.4-10.a.1.2|10|[[1, 5, 0, 1], [3, 4, 0, 1]]
10.360.4-10.a.1.3|10|[[3, 4, 0, 1], [9, 5, 0, 9]]
10.360.4-10.a.1.4|10|[[1, 9, 0, 9], [3, 9, 0, 1]]
10.720.13-10.a.1.1|10|[[7, 0, 0, 9]]
10.720.13-10.a.1.2|10|[[7, 0, 0, 1]]
10.720.13-10.c.1.1|10|[[9, 7, 0, 3]]
10.720.13-10.c.1.2|10|[[1, 3, 0, 7]]
