?|[0,0,0,-6912972000,221246212374000]|1.1.0.a.1
?|[0,0,0,-70125174000,7147587250770750]|1.1.0.a.1
?|[0,0,0,-88729167093641679667753922000,10172968992705224508715405455939876490302250]|1.1.0.a.1
?|[0,0,1,-4712614768804250,124520548791459315064281]|1.1.0.a.1
?|[1,-1,1,-42774074930,3404848444959322]|2.3.0.a.1
?|[0,0,0,-70125174000,7147587250770750]|3.3.0.a.1
?|[0,0,0,-88729167093641679667753922000,10172968992705224508715405455939876490302250]|3.3.0.a.1
?|[0,0,1,-4712614768804250,124520548791459315064281]|3.3.0.a.1
?|[1,-1,1,-42774074930,3404848444959322]|3.3.0.a.1
?|[0,0,0,-6912972000,221246212374000]|3.4.0.a.1
?|[0,0,0,-6912972000,221246212374000]|4.4.0.a.1
?|[0,0,0,-70125174000,7147587250770750]|4.4.0.a.1
?|[0,0,0,-88729167093641679667753922000,10172968992705224508715405455939876490302250]|4.4.0.a.1
?|[0,0,1,-4712614768804250,124520548791459315064281]|4.4.0.a.1
?|[1,-1,1,-42774074930,3404848444959322]|4.6.0.e.1
?|[0,0,0,-6912972000,221246212374000]|5.10.0.a.1
?|[0,0,0,-70125174000,7147587250770750]|5.10.0.a.1
?|[0,0,0,-88729167093641679667753922000,10172968992705224508715405455939876490302250]|5.10.0.a.1
?|[0,0,1,-4712614768804250,124520548791459315064281]|5.10.0.a.1
?|[1,-1,1,-42774074930,3404848444959322]|5.10.0.a.1
?|[0,0,0,-70125174000,7147587250770750]|6.6.0.d.1
?|[0,0,0,-88729167093641679667753922000,10172968992705224508715405455939876490302250]|6.6.0.d.1
?|[0,0,1,-4712614768804250,124520548791459315064281]|6.6.0.d.1
?|[0,0,0,-6912972000,221246212374000]|6.8.0.b.1
?|[1,-1,1,-42774074930,3404848444959322]|6.9.0.a.1
?|[0,0,0,-70125174000,7147587250770750]|7.21.0.a.1
?|[0,0,0,-88729167093641679667753922000,10172968992705224508715405455939876490302250]|7.21.0.a.1
?|[0,0,1,-4712614768804250,124520548791459315064281]|7.21.0.a.1
?|[1,-1,1,-42774074930,3404848444959322]|7.24.0.b.1
?|[0,0,0,-6912972000,221246212374000]|7.28.0.a.1
?|[0,0,0,-6912972000,221246212374000]|8.16.0.a.1
?|[0,0,0,-70125174000,7147587250770750]|8.16.0.a.1
?|[0,0,0,-88729167093641679667753922000,10172968992705224508715405455939876490302250]|8.16.0.a.1
?|[0,0,1,-4712614768804250,124520548791459315064281]|8.16.0.a.1
?|[1,-1,1,-42774074930,3404848444959322]|8.24.0.bi.1
?|[0,0,0,-70125174000,7147587250770750]|9.27.0.b.1
?|[0,0,0,-88729167093641679667753922000,10172968992705224508715405455939876490302250]|9.27.0.b.1
?|[0,0,1,-4712614768804250,124520548791459315064281]|9.27.0.b.1
?|[1,-1,1,-42774074930,3404848444959322]|9.27.0.b.1
?|[0,0,0,-6912972000,221246212374000]|9.36.0.e.1
?|[0,0,0,-6912972000,221246212374000]|10.20.0.b.1
?|[0,0,0,-70125174000,7147587250770750]|10.20.0.b.1
?|[0,0,0,-88729167093641679667753922000,10172968992705224508715405455939876490302250]|10.20.0.b.1
?|[0,0,1,-4712614768804250,124520548791459315064281]|10.20.0.b.1
?|[1,-1,1,-42774074930,3404848444959322]|10.30.1.a.1
?|[0,0,0,-6912972000,221246212374000]|11.55.1.b.1
?|[0,0,0,-88729167093641679667753922000,10172968992705224508715405455939876490302250]|11.55.1.b.1
?|[0,0,1,-4712614768804250,124520548791459315064281]|11.55.1.b.1
?|[0,0,0,-70125174000,7147587250770750]|11.66.2.a.1
?|[1,-1,1,-42774074930,3404848444959322]|11.66.2.a.1
?|[0,0,0,-70125174000,7147587250770750]|12.24.0.r.1
?|[0,0,0,-88729167093641679667753922000,10172968992705224508715405455939876490302250]|12.24.0.r.1
?|[0,0,1,-4712614768804250,124520548791459315064281]|12.24.0.r.1
?|[0,0,0,-6912972000,221246212374000]|12.32.1.c.1
?|[1,-1,1,-42774074930,3404848444959322]|12.36.0.s.1
?|[0,0,0,-88729167093641679667753922000,10172968992705224508715405455939876490302250]|13.78.3.a.1
?|[0,0,1,-4712614768804250,124520548791459315064281]|13.78.3.a.1
?|[1,-1,1,-42774074930,3404848444959322]|13.78.3.a.1
?|[0,0,0,-6912972000,221246212374000]|13.91.3.b.1
?|[0,0,0,-70125174000,7147587250770750]|13.91.3.b.1
?|[0,0,0,-70125174000,7147587250770750]|14.42.1.b.1
?|[0,0,0,-88729167093641679667753922000,10172968992705224508715405455939876490302250]|14.42.1.b.1
?|[0,0,1,-4712614768804250,124520548791459315064281]|14.42.1.b.1
?|[0,0,0,-6912972000,221246212374000]|14.56.1.b.1
?|[1,-1,1,-42774074930,3404848444959322]|14.72.1.b.1
?|[0,0,0,-70125174000,7147587250770750]|15.60.2.d.1
?|[0,0,0,-88729167093641679667753922000,10172968992705224508715405455939876490302250]|15.60.2.d.1
?|[0,0,1,-4712614768804250,124520548791459315064281]|15.60.2.d.1
?|[1,-1,1,-42774074930,3404848444959322]|15.60.2.d.1
?|[0,0,0,-6912972000,221246212374000]|15.80.3.b.1
?|[0,0,0,-6912972000,221246212374000]|16.64.2.a.1
?|[0,0,0,-70125174000,7147587250770750]|16.64.2.a.1
?|[0,0,0,-88729167093641679667753922000,10172968992705224508715405455939876490302250]|16.64.2.a.1
?|[0,0,1,-4712614768804250,124520548791459315064281]|16.64.2.a.1
?|[1,-1,1,-42774074930,3404848444959322]|16.96.3.ev.1
?|[0,0,0,-6912972000,221246212374000]|17.136.6.a.1
?|[0,0,0,-88729167093641679667753922000,10172968992705224508715405455939876490302250]|17.136.6.a.1
?|[1,-1,1,-42774074930,3404848444959322]|17.136.6.a.1
?|[0,0,0,-70125174000,7147587250770750]|17.153.7.a.1
?|[0,0,1,-4712614768804250,124520548791459315064281]|17.153.7.a.1
?|[0,0,0,-70125174000,7147587250770750]|18.54.1.c.1
?|[0,0,0,-88729167093641679667753922000,10172968992705224508715405455939876490302250]|18.54.1.c.1
?|[0,0,1,-4712614768804250,124520548791459315064281]|18.54.1.c.1
?|[0,0,0,-6912972000,221246212374000]|18.72.3.o.1
?|[1,-1,1,-42774074930,3404848444959322]|18.81.3.a.1
?|[0,0,0,-70125174000,7147587250770750]|19.171.8.a.1
?|[0,0,0,-88729167093641679667753922000,10172968992705224508715405455939876490302250]|19.171.8.a.1
?|[1,-1,1,-42774074930,3404848444959322]|19.171.8.a.1
?|[0,0,0,-6912972000,221246212374000]|19.190.9.a.1
?|[0,0,1,-4712614768804250,124520548791459315064281]|19.190.9.a.1
?|[1,-1,1,-42774074930,3404848444959322]|20.120.5.cc.1
?|[0,0,0,-6912972000,221246212374000]|20.80.3.d.1
?|[0,0,0,-70125174000,7147587250770750]|20.80.3.d.1
?|[0,0,0,-88729167093641679667753922000,10172968992705224508715405455939876490302250]|20.80.3.d.1
?|[0,0,1,-4712614768804250,124520548791459315064281]|20.80.3.d.1
?|[0,0,0,-70125174000,7147587250770750]|21.126.4.d.1
?|[0,0,0,-88729167093641679667753922000,10172968992705224508715405455939876490302250]|21.126.4.d.1
?|[0,0,1,-4712614768804250,124520548791459315064281]|21.126.4.d.1
?|[1,-1,1,-42774074930,3404848444959322]|21.144.7.g.1
?|[0,0,0,-6912972000,221246212374000]|21.224.11.b.1
?|[0,0,0,-6912972000,221246212374000]|22.110.4.b.1
?|[0,0,0,-88729167093641679667753922000,10172968992705224508715405455939876490302250]|22.110.4.b.1
?|[0,0,1,-4712614768804250,124520548791459315064281]|22.110.4.b.1
?|[0,0,0,-70125174000,7147587250770750]|22.132.6.b.1
?|[1,-1,1,-42774074930,3404848444959322]|22.198.10.a.1
?|[0,0,0,-6912972000,221246212374000]|23.253.13.a.1
?|[0,0,0,-88729167093641679667753922000,10172968992705224508715405455939876490302250]|23.253.13.a.1
?|[0,0,0,-70125174000,7147587250770750]|23.276.15.a.1
?|[0,0,1,-4712614768804250,124520548791459315064281]|23.276.15.a.1
?|[1,-1,1,-42774074930,3404848444959322]|23.276.15.a.1
?|[0,0,0,-6912972000,221246212374000]|24.128.7.e.1
?|[1,-1,1,-42774074930,3404848444959322]|24.144.5.bcq.1
?|[0,0,0,-70125174000,7147587250770750]|24.96.3.iz.1
?|[0,0,0,-88729167093641679667753922000,10172968992705224508715405455939876490302250]|24.96.3.iz.1
?|[0,0,1,-4712614768804250,124520548791459315064281]|24.96.3.iz.1
?|[0,0,0,-6912972000,221246212374000]|25.250.14.a.1
?|[0,0,0,-70125174000,7147587250770750]|25.250.14.a.1
?|[0,0,0,-88729167093641679667753922000,10172968992705224508715405455939876490302250]|25.250.14.a.1
?|[0,0,1,-4712614768804250,124520548791459315064281]|25.250.14.a.1
?|[1,-1,1,-42774074930,3404848444959322]|25.250.14.a.1
?|[0,0,0,-88729167093641679667753922000,10172968992705224508715405455939876490302250]|26.156.8.b.1
?|[0,0,1,-4712614768804250,124520548791459315064281]|26.156.8.b.1
?|[0,0,0,-6912972000,221246212374000]|26.182.9.b.1
?|[0,0,0,-70125174000,7147587250770750]|26.182.9.b.1
?|[1,-1,1,-42774074930,3404848444959322]|26.234.13.a.1
?|[0,0,0,-70125174000,7147587250770750]|27.243.12.a.1
?|[0,0,0,-88729167093641679667753922000,10172968992705224508715405455939876490302250]|27.243.12.a.1
?|[0,0,1,-4712614768804250,124520548791459315064281]|27.243.12.a.1
?|[1,-1,1,-42774074930,3404848444959322]|27.243.12.a.1
?|[0,0,0,-6912972000,221246212374000]|27.324.13.j.1
?|[0,0,0,-70125174000,7147587250770750]|28.168.8.d.1
?|[0,0,0,-88729167093641679667753922000,10172968992705224508715405455939876490302250]|28.168.8.d.1
?|[0,0,1,-4712614768804250,124520548791459315064281]|28.168.8.d.1
?|[0,0,0,-6912972000,221246212374000]|28.224.11.d.1
?|[1,-1,1,-42774074930,3404848444959322]|28.288.13.bf.1
?|[0,0,0,-6912972000,221246212374000]|29.406.24.a.1
?|[0,0,0,-70125174000,7147587250770750]|29.406.24.a.1
?|[0,0,0,-88729167093641679667753922000,10172968992705224508715405455939876490302250]|29.406.24.a.1
?|[0,0,1,-4712614768804250,124520548791459315064281]|29.435.26.a.1
?|[1,-1,1,-42774074930,3404848444959322]|29.435.26.a.1
?|[0,0,0,-70125174000,7147587250770750]|30.120.5.bn.1
?|[0,0,0,-88729167093641679667753922000,10172968992705224508715405455939876490302250]|30.120.5.bn.1
?|[0,0,1,-4712614768804250,124520548791459315064281]|30.120.5.bn.1
?|[0,0,0,-6912972000,221246212374000]|30.160.9.h.1
?|[1,-1,1,-42774074930,3404848444959322]|30.180.10.e.1
?|[0,0,0,0,62]|31.1488.97.a.1
?|[0,0,0,-88729167093641679667753922000,10172968992705224508715405455939876490302250]|31.465.28.a.1
?|[0,0,1,-4712614768804250,124520548791459315064281]|31.465.28.a.1
?|[1,-1,1,-42774074930,3404848444959322]|31.465.28.a.1
?|[0,0,0,-6912972000,221246212374000]|31.496.30.a.1
?|[0,0,0,-70125174000,7147587250770750]|31.496.30.a.1
?|[0,0,0,-6912972000,221246212374000]|32.256.14.a.1
?|[0,0,0,-70125174000,7147587250770750]|32.256.14.a.1
?|[0,0,0,-88729167093641679667753922000,10172968992705224508715405455939876490302250]|32.256.14.a.1
?|[0,0,1,-4712614768804250,124520548791459315064281]|32.256.14.a.1
?|[1,-1,1,-42774074930,3404848444959322]|32.384.21.mm.1
?|[0,0,0,-88729167093641679667753922000,10172968992705224508715405455939876490302250]|33.330.17.d.1
?|[0,0,1,-4712614768804250,124520548791459315064281]|33.330.17.d.1
?|[0,0,0,-70125174000,7147587250770750]|33.396.22.d.1
?|[1,-1,1,-42774074930,3404848444959322]|33.396.22.d.1
?|[0,0,0,-6912972000,221246212374000]|33.440.27.b.1
?|[0,0,0,-6912972000,221246212374000]|34.272.15.b.1
?|[0,0,0,-88729167093641679667753922000,10172968992705224508715405455939876490302250]|34.272.15.b.1
?|[0,0,0,-70125174000,7147587250770750]|34.306.18.b.1
?|[0,0,1,-4712614768804250,124520548791459315064281]|34.306.18.b.1
?|[1,-1,1,-42774074930,3404848444959322]|34.408.25.a.1
?|[0,0,0,0,350]|35.1680.112.a.1
?|[0,0,0,-70125174000,7147587250770750]|35.420.26.d.1
?|[0,0,0,-88729167093641679667753922000,10172968992705224508715405455939876490302250]|35.420.26.d.1
?|[0,0,1,-4712614768804250,124520548791459315064281]|35.420.26.d.1
?|[1,-1,1,-42774074930,3404848444959322]|35.480.29.l.1
?|[0,0,0,-6912972000,221246212374000]|35.560.35.d.1
?|[0,0,0,-70125174000,7147587250770750]|36.216.10.bl.1
?|[0,0,0,-88729167093641679667753922000,10172968992705224508715405455939876490302250]|36.216.10.bl.1
?|[0,0,1,-4712614768804250,124520548791459315064281]|36.216.10.bl.1
?|[0,0,0,-6912972000,221246212374000]|36.288.17.cd.1
?|[1,-1,1,-42774074930,3404848444959322]|36.324.16.y.1
?|[0,0,0,-70125174000,7147587250770750]|37.666.43.a.1
?|[0,0,0,-88729167093641679667753922000,10172968992705224508715405455939876490302250]|37.666.43.a.1
?|[0,0,0,-6912972000,221246212374000]|37.703.45.a.1
?|[0,0,1,-4712614768804250,124520548791459315064281]|37.703.45.a.1
?|[1,-1,1,-42774074930,3404848444959322]|37.703.45.a.1
?|[0,0,0,-70125174000,7147587250770750]|38.342.20.b.1
?|[0,0,0,-88729167093641679667753922000,10172968992705224508715405455939876490302250]|38.342.20.b.1
?|[0,0,0,-6912972000,221246212374000]|38.380.22.b.1
?|[0,0,1,-4712614768804250,124520548791459315064281]|38.380.22.b.1
?|[1,-1,1,-42774074930,3404848444959322]|38.513.32.a.1
?|[0,0,0,-88729167093641679667753922000,10172968992705224508715405455939876490302250]|39.468.28.d.1
?|[0,0,1,-4712614768804250,124520548791459315064281]|39.468.28.d.1
?|[1,-1,1,-42774074930,3404848444959322]|39.468.28.d.1
?|[0,0,0,-70125174000,7147587250770750]|39.546.33.d.1
?|[0,0,0,-6912972000,221246212374000]|39.728.47.b.1
?|[0,0,0,-6912972000,221246212374000]|40.320.19.h.1
?|[0,0,0,-70125174000,7147587250770750]|40.320.19.h.1
?|[0,0,0,-88729167093641679667753922000,10172968992705224508715405455939876490302250]|40.320.19.h.1
?|[0,0,1,-4712614768804250,124520548791459315064281]|40.320.19.h.1
?|[1,-1,1,-42774074930,3404848444959322]|40.480.29.cbq.1
27.a4|[0,0,1,0,0]|3.12.0.a.1-3.1
27.a1|[0,0,1,-270,-1708]|3.4.0.a.1-3.2
27.a2|[0,0,1,-30,63]|3.4.0.a.1-3.1
27.a4|[0,0,1,0,0]|6.24.1.b.1-6.1
27.a1|[0,0,1,-270,-1708]|6.8.0.b.1-6.2
27.a2|[0,0,1,-30,63]|6.8.0.b.1-6.1
27.a3|[0,0,1,0,-7]|9.108.1.b.1-9.2
27.a4|[0,0,1,0,0]|9.108.1.b.1-9.1
27.a1|[0,0,1,-270,-1708]|9.36.0.e.1-9.2
27.a2|[0,0,1,-30,63]|9.36.0.e.1-9.1
27.a1|[0,0,1,-270,-1708]|12.32.1.c.1-12.2
27.a2|[0,0,1,-30,63]|12.32.1.c.1-12.1
27.a4|[0,0,1,0,0]|12.96.5.f.1-12.2
27.a3|[0,0,1,0,-7]|15.240.13.d.1-15.2
27.a1|[0,0,1,-270,-1708]|15.80.3.b.1-15.2
27.a2|[0,0,1,-30,63]|15.80.3.b.1-15.1
27.a3|[0,0,1,0,-7]|18.216.10.y.1-18.2
27.a4|[0,0,1,0,0]|18.216.10.y.1-18.1
27.a1|[0,0,1,-270,-1708]|18.72.3.o.1-18.2
27.a2|[0,0,1,-30,63]|18.72.3.o.1-18.1
27.a1|[0,0,1,-270,-1708]|21.224.11.b.1-21.2
27.a2|[0,0,1,-30,63]|21.224.11.b.1-21.1
27.a4|[0,0,1,0,0]|21.672.41.d.1-21.2
27.a1|[0,0,1,-270,-1708]|24.128.7.e.1-24.2
27.a2|[0,0,1,-30,63]|24.128.7.e.1-24.1
27.a4|[0,0,1,0,0]|24.384.25.v.1-24.4
27.a1|[0,0,1,-270,-1708]|27.324.13.j.1-27.2
27.a2|[0,0,1,-30,63]|27.324.13.j.1-27.1
27.a3|[0,0,1,0,-7]|27.972.55.l.1-27.2
27.a4|[0,0,1,0,0]|27.972.55.l.1-27.1
27.a1|[0,0,1,-270,-1708]|30.160.9.h.1-30.2
27.a2|[0,0,1,-30,63]|30.160.9.h.1-30.1
27.a3|[0,0,1,0,-7]|30.480.33.w.1-30.2
27.a4|[0,0,1,0,0]|33.1320.91.d.1-33.2
27.a1|[0,0,1,-270,-1708]|33.440.27.b.1-33.2
27.a2|[0,0,1,-30,63]|33.440.27.b.1-33.1
27.a1|[0,0,1,-270,-1708]|36.288.17.cd.1-36.4
27.a2|[0,0,1,-30,63]|36.288.17.cd.1-36.3
27.a3|[0,0,1,0,-7]|36.864.55.ez.1-36.4
27.a4|[0,0,1,0,0]|36.864.55.ez.1-36.3
27.a4|[0,0,1,0,0]|39.2184.155.d.1-39.2
27.a1|[0,0,1,-270,-1708]|39.728.47.b.1-39.2
27.a2|[0,0,1,-30,63]|39.728.47.b.1-39.1
32.a4|[0,0,0,4,0]|4.12.0.d.1-4.2
32.a3|[0,0,0,-1,0]|4.12.0.a.1-4.2
32.a1|[0,0,0,-11,-14]|4.6.0.c.1-4.2
32.a1|[0,0,0,-11,-14]|8.24.0.y.1-8.2
32.a2|[0,0,0,-11,14]|8.24.0.y.1-8.1
32.a4|[0,0,0,4,0]|8.48.1.bn.1-8.1
32.a3|[0,0,0,-1,0]|8.48.1.c.1-8.1
32.a4|[0,0,0,4,0]|12.72.3.bj.1-12.4
32.a3|[0,0,0,-1,0]|12.72.3.c.1-12.4
32.a4|[0,0,0,4,0]|16.192.9.fl.1-16.1
32.a3|[0,0,0,-1,0]|16.192.9.g.1-16.1
32.a1|[0,0,0,-11,-14]|16.96.3.dv.1-16.2
32.a2|[0,0,0,-11,14]|16.96.3.dv.1-16.1
32.a1|[0,0,0,-11,-14]|20.180.7.j.1-20.4
32.a4|[0,0,0,4,0]|20.360.19.bn.1-20.4
32.a3|[0,0,0,-1,0]|20.360.19.c.1-20.4
32.a4|[0,0,0,4,0]|22.330.18.e.1
32.a1|[0,0,0,-11,-14]|24.144.7.um.1-24.2
32.a2|[0,0,0,-11,14]|24.144.7.um.1-24.1
32.a4|[0,0,0,4,0]|24.288.17.djv.1-24.1
32.a3|[0,0,0,-1,0]|24.288.17.bo.1-24.1
32.a4|[0,0,0,4,0]|26.546.33.c.1
32.a1|[0,0,0,-11,-14]|28.252.13.j.1-28.4
32.a2|[0,0,0,-11,14]|28.252.13.j.1-28.3
32.a4|[0,0,0,4,0]|28.504.31.bj.1-28.4
32.a3|[0,0,0,-1,0]|28.504.31.c.1-28.4
32.a4|[0,0,0,4,0]|30.540.33.bf.1
32.a1|[0,0,0,-11,-14]|32.384.21.ld.1-32.2
32.a2|[0,0,0,-11,14]|32.384.21.ld.1-32.1
32.a4|[0,0,0,4,0]|32.768.49.mi.1-32.1
32.a3|[0,0,0,-1,0]|32.768.49.h.1-32.1
32.a4|[0,0,0,4,0]|34.918.60.b.1
32.a1|[0,0,0,-11,-14]|36.324.19.k.1-36.4
32.a2|[0,0,0,-11,14]|36.324.19.k.1-36.3
32.a4|[0,0,0,4,0]|36.648.43.bz.1-36.4
32.a3|[0,0,0,-1,0]|36.648.43.c.1-36.4
32.a4|[0,0,0,4,0]|38.1026.68.d.1
32.a4|[0,0,0,4,0]|40.1440.97.ebp.1-40.1
32.a3|[0,0,0,-1,0]|40.1440.97.bq.1-40.1
32.a1|[0,0,0,-11,-14]|40.720.43.ya.1-40.2
32.a2|[0,0,0,-11,14]|40.720.43.ya.1-40.1
36.a2|[0,0,0,-15,22]|3.4.0.a.1-3.1
36.a1|[0,0,0,-135,-594]|3.4.0.a.1-3.2
36.a2|[0,0,0,-15,22]|6.12.0.a.1-6.1
36.a1|[0,0,0,-135,-594]|6.12.0.a.1-6.2
36.a4|[0,0,0,0,1]|6.24.0.b.1-6.1
36.a3|[0,0,0,0,-27]|6.24.0.b.1-6.2
36.a2|[0,0,0,-15,22]|9.36.0.g.1-9.1
36.a1|[0,0,0,-135,-594]|9.36.0.g.1-9.2
36.a2|[0,0,0,-15,22]|12.48.1.p.1-12.1
36.a1|[0,0,0,-135,-594]|12.48.1.p.1-12.2
36.a4|[0,0,0,0,1]|12.96.3.p.1-12.1
36.a3|[0,0,0,0,-27]|12.96.3.p.1-12.2
36.a2|[0,0,0,-15,22]|15.80.3.b.1-15.1
36.a1|[0,0,0,-135,-594]|15.80.3.b.1-15.2
36.a2|[0,0,0,-15,22]|18.108.4.h.1-18.1
36.a1|[0,0,0,-135,-594]|18.108.4.h.1-18.2
36.a4|[0,0,0,0,1]|18.216.10.w.1-18.1
36.a3|[0,0,0,0,-27]|18.216.10.w.1-18.2
36.a4|[0,0,0,0,1]|21.224.11.b.1-21.1
36.a2|[0,0,0,-15,22]|21.224.11.b.1-21.1
36.a1|[0,0,0,-135,-594]|21.224.11.b.1-21.2
36.a4|[0,0,0,0,1]|23.253.13.a.1
36.a2|[0,0,0,-15,22]|24.192.9.rn.1-24.1
36.a1|[0,0,0,-135,-594]|24.192.9.rn.1-24.2
36.a4|[0,0,0,0,1]|24.384.21.fc.1-24.1
36.a3|[0,0,0,0,-27]|24.384.21.fc.1-24.2
36.a4|[0,0,0,0,1]|25.250.14.a.1
36.a4|[0,0,0,0,1]|27.324.18.b.1-27.1
36.a2|[0,0,0,-15,22]|27.324.18.b.1-27.1
36.a1|[0,0,0,-135,-594]|27.324.18.b.1-27.2
36.a4|[0,0,0,0,1]|29.406.24.a.1
36.a2|[0,0,0,-15,22]|30.240.13.b.1-30.1
36.a1|[0,0,0,-135,-594]|30.240.13.b.1-30.2
36.a4|[0,0,0,0,1]|30.480.29.o.1-30.1
36.a3|[0,0,0,0,-27]|30.480.29.o.1-30.2
36.a4|[0,0,0,0,1]|31.496.30.a.1
36.a4|[0,0,0,0,1]|33.440.27.b.1-33.1
36.a2|[0,0,0,-15,22]|33.440.27.b.1-33.1
36.a1|[0,0,0,-135,-594]|33.440.27.b.1-33.2
36.a4|[0,0,0,0,1]|35.560.35.d.1
36.a2|[0,0,0,-15,22]|36.432.25.fz.1-36.1
36.a1|[0,0,0,-135,-594]|36.432.25.fz.1-36.2
36.a4|[0,0,0,0,1]|36.864.55.eq.1-36.1
36.a3|[0,0,0,0,-27]|36.864.55.eq.1-36.2
36.a4|[0,0,0,0,1]|37.703.45.a.1
36.a4|[0,0,0,0,1]|39.728.47.b.1-39.1
36.a2|[0,0,0,-15,22]|39.728.47.b.1-39.1
36.a1|[0,0,0,-135,-594]|39.728.47.b.1-39.2
49.a4|[1,-1,0,-2,-1]|7.24.0.b.1-7.2
49.a3|[1,-1,0,-37,-78]|7.24.0.b.1-7.2
49.a2|[1,-1,0,-107,552]|7.24.0.b.1-7.1
49.a1|[1,-1,0,-1822,30393]|7.24.0.b.1-7.1
49.a4|[1,-1,0,-2,-1]|14.144.4.f.1-14.2
49.a2|[1,-1,0,-107,552]|14.144.4.f.1-14.1
49.a3|[1,-1,0,-37,-78]|14.72.1.b.1-14.4
49.a1|[1,-1,0,-1822,30393]|14.72.1.b.1-14.3
49.a4|[1,-1,0,-2,-1]|21.144.7.g.1-21.4
49.a3|[1,-1,0,-37,-78]|21.144.7.g.1-21.4
49.a2|[1,-1,0,-107,552]|21.144.7.g.1-21.3
49.a1|[1,-1,0,-1822,30393]|21.144.7.g.1-21.3
49.a3|[1,-1,0,-37,-78]|28.288.13.bf.1-28.6
49.a1|[1,-1,0,-1822,30393]|28.288.13.bf.1-28.5
49.a4|[1,-1,0,-2,-1]|28.576.31.bt.1-28.4
49.a2|[1,-1,0,-107,552]|28.576.31.bt.1-28.3
49.a4|[1,-1,0,-2,-1]|35.480.29.l.1-35.4
49.a3|[1,-1,0,-37,-78]|35.480.29.l.1-35.4
49.a2|[1,-1,0,-107,552]|35.480.29.l.1-35.3
49.a1|[1,-1,0,-1822,30393]|35.480.29.l.1-35.3
64.a3|[0,0,0,-4,0]|4.12.0.a.1-4.1
64.a4|[0,0,0,1,0]|4.12.0.d.1-4.1
64.a2|[0,0,0,-44,112]|4.6.0.c.1-4.1
64.a1|[0,0,0,-44,-112]|8.24.0.y.1-8.4
64.a2|[0,0,0,-44,112]|8.24.0.y.1-8.3
64.a3|[0,0,0,-4,0]|8.48.1.c.1-8.2
64.a4|[0,0,0,1,0]|8.48.1.bn.1-8.2
64.a1|[0,0,0,-44,-112]|12.36.1.j.1-12.4
64.a2|[0,0,0,-44,112]|12.36.1.j.1-12.3
64.a3|[0,0,0,-4,0]|12.72.3.c.1-12.1
64.a4|[0,0,0,1,0]|12.72.3.bj.1-12.1
64.a3|[0,0,0,-4,0]|16.192.9.g.1-16.2
64.a4|[0,0,0,1,0]|16.192.9.fl.1-16.2
64.a1|[0,0,0,-44,-112]|16.96.3.dv.1-16.4
64.a2|[0,0,0,-44,112]|16.96.3.dv.1-16.3
64.a2|[0,0,0,-44,112]|20.180.7.j.1-20.3
64.a3|[0,0,0,-4,0]|20.360.19.c.1-20.1
64.a4|[0,0,0,1,0]|20.360.19.bn.1-20.1
64.a4|[0,0,0,1,0]|21.126.4.d.1
64.a3|[0,0,0,-4,0]|22.330.21.b.1
64.a4|[0,0,0,1,0]|23.253.13.a.1
64.a1|[0,0,0,-44,-112]|24.144.7.um.1-24.8
64.a2|[0,0,0,-44,112]|24.144.7.um.1-24.7
64.a3|[0,0,0,-4,0]|24.288.17.bo.1-24.4
64.a4|[0,0,0,1,0]|24.288.17.djv.1-24.4
64.a4|[0,0,0,1,0]|25.375.22.a.1
64.a3|[0,0,0,-4,0]|26.546.36.b.1
64.a4|[0,0,0,1,0]|27.243.12.a.1
64.a3|[0,0,0,-4,0]|28.504.31.c.1-28.1
64.a4|[0,0,0,1,0]|28.504.31.bj.1-28.1
64.a4|[0,0,0,1,0]|29.435.26.a.1
64.a3|[0,0,0,-4,0]|30.540.37.l.1
64.a4|[0,0,0,1,0]|31.465.28.a.1
64.a1|[0,0,0,-44,-112]|32.384.21.ld.1-32.4
64.a2|[0,0,0,-44,112]|32.384.21.ld.1-32.3
64.a3|[0,0,0,-4,0]|32.768.49.h.1-32.2
64.a4|[0,0,0,1,0]|32.768.49.mi.1-32.2
64.a4|[0,0,0,1,0]|33.330.17.d.1
64.a3|[0,0,0,-4,0]|34.918.64.a.1
64.a4|[0,0,0,1,0]|35.630.40.d.1
64.a3|[0,0,0,-4,0]|36.648.43.c.1-36.1
64.a4|[0,0,0,1,0]|36.648.43.bz.1-36.1
64.a4|[0,0,0,1,0]|37.703.45.a.1
64.a3|[0,0,0,-4,0]|38.1026.73.a.1
64.a4|[0,0,0,1,0]|39.546.33.d.1
64.a3|[0,0,0,-4,0]|40.1440.97.bq.1-40.4
64.a4|[0,0,0,1,0]|40.1440.97.ebp.1-40.4
64.a1|[0,0,0,-44,-112]|40.720.43.ya.1-40.8
64.a2|[0,0,0,-44,112]|40.720.43.ya.1-40.7
108.a2|[0,0,0,0,4]|6.24.0.c.1-6.1
108.a1|[0,0,0,0,-108]|6.24.0.c.1-6.2
108.a2|[0,0,0,0,4]|12.96.4.a.1-12.1
108.a1|[0,0,0,0,-108]|12.96.4.a.1-12.2
108.a2|[0,0,0,0,4]|18.216.7.q.1-18.1
108.a1|[0,0,0,0,-108]|18.216.7.q.1-18.2
108.a2|[0,0,0,0,4]|24.384.24.a.1-24.1
108.a1|[0,0,0,0,-108]|24.384.24.a.1-24.2
108.a2|[0,0,0,0,4]|30.480.31.f.1-30.1
108.a1|[0,0,0,0,-108]|30.480.31.f.1-30.2
108.a2|[0,0,0,0,4]|36.864.52.b.1-36.1
108.a1|[0,0,0,0,-108]|36.864.52.b.1-36.2
121.b2|[0,-1,1,-7,10]|11.60.1.c.1-11.1
121.b1|[0,-1,1,-887,-10143]|11.60.1.c.1-11.2
121.b2|[0,-1,1,-7,10]|22.120.6.f.1-22.1
121.b1|[0,-1,1,-887,-10143]|22.120.6.f.1-22.2
121.b2|[0,-1,1,-7,10]|33.720.41.f.1-33.3
121.b1|[0,-1,1,-887,-10143]|33.720.41.f.1-33.4
144.a2|[0,0,0,-15,-22]|6.12.0.a.1-6.3
144.a1|[0,0,0,-135,594]|6.12.0.a.1-6.4
144.a2|[0,0,0,-15,-22]|12.48.1.p.1-12.5
144.a1|[0,0,0,-135,594]|12.48.1.p.1-12.6
144.a3|[0,0,0,0,-1]|12.96.3.p.1-12.4
144.a4|[0,0,0,0,27]|12.96.3.p.1-12.3
144.a2|[0,0,0,-15,-22]|18.108.4.h.1-18.3
144.a1|[0,0,0,-135,594]|18.108.4.h.1-18.4
144.a3|[0,0,0,0,-1]|21.224.11.b.1
144.a2|[0,0,0,-15,-22]|24.192.9.rn.1-24.7
144.a1|[0,0,0,-135,594]|24.192.9.rn.1-24.8
144.a3|[0,0,0,0,-1]|24.384.21.fc.1-24.8
144.a4|[0,0,0,0,27]|24.384.21.fc.1-24.7
144.a3|[0,0,0,0,-1]|27.324.18.b.1
144.a2|[0,0,0,-15,-22]|30.240.13.b.1-30.7
144.a1|[0,0,0,-135,594]|30.240.13.b.1-30.8
144.a4|[0,0,0,0,27]|30.480.29.o.1
144.a3|[0,0,0,0,-1]|33.440.27.b.1
144.a2|[0,0,0,-15,-22]|36.432.25.fz.1-36.5
144.a1|[0,0,0,-135,594]|36.432.25.fz.1-36.6
144.a3|[0,0,0,0,-1]|36.864.55.eq.1-36.4
144.a4|[0,0,0,0,27]|36.864.55.eq.1-36.3
144.a3|[0,0,0,0,-1]|39.728.47.b.1
225.c2|[0,0,1,0,1]|15.240.9.d.1-15.3
225.c1|[0,0,1,0,-34]|15.240.9.d.1-15.4
225.d2|[0,0,1,0,156]|15.240.9.d.1-15.1
225.d1|[0,0,1,0,-4219]|15.240.9.d.1-15.2
225.c2|[0,0,1,0,1]|30.480.29.p.1-30.3
225.c1|[0,0,1,0,-34]|30.480.29.p.1-30.4
225.d2|[0,0,1,0,156]|30.480.29.p.1-30.1
225.d1|[0,0,1,0,-4219]|30.480.29.p.1-30.2
243.a1|[0,0,1,0,-1]|9.108.3.a.1-9.2
243.b2|[0,0,1,0,2]|9.108.3.a.1-9.1
243.a1|[0,0,1,0,-1]|18.216.11.b.1-18.2
243.b2|[0,0,1,0,2]|18.216.11.b.1-18.1
243.a1|[0,0,1,0,-1]|27.972.55.p.1-27.2
243.a2|[0,0,1,0,20]|27.972.55.p.1-27.1
243.b2|[0,0,1,0,2]|27.972.55.n.1-27.1
243.b1|[0,0,1,0,-61]|27.972.55.n.1-27.2
243.a1|[0,0,1,0,-1]|36.864.59.c.1-36.2
243.b2|[0,0,1,0,2]|36.864.59.c.1-36.1
256.a2|[0,1,0,-3,1]|8.24.1.l.1-8.1
256.a1|[0,1,0,-13,-21]|8.24.1.l.1-8.2
256.c2|[0,0,0,2,0]|8.48.1.t.1-8.1
256.c1|[0,0,0,-8,0]|8.48.1.bp.1-8.1
256.c2|[0,0,0,2,0]|11.55.1.b.1
256.c2|[0,0,0,2,0]|13.91.3.b.1
256.c2|[0,0,0,2,0]|15.90.3.d.1
256.b1|[0,0,0,-2,0]|16.192.9.fo.1-16.1
256.b2|[0,0,0,8,0]|16.192.9.cu.1-16.1
256.c2|[0,0,0,2,0]|16.192.9.cu.1-16.2
256.c1|[0,0,0,-8,0]|16.192.9.fo.1-16.2
256.a2|[0,1,0,-3,1]|16.96.5.cf.1-16.1
256.a1|[0,1,0,-13,-21]|16.96.5.cf.1-16.2
256.d2|[0,-1,0,-3,-1]|16.96.5.cf.1-16.4
256.d1|[0,-1,0,-13,21]|16.96.5.cf.1-16.3
256.c2|[0,0,0,2,0]|17.153.7.a.1
256.c2|[0,0,0,2,0]|19.171.8.a.1
256.c2|[0,0,0,2,0]|22.165.8.a.1
256.a1|[0,1,0,-13,-21]|24.288.17.coj.1-24.4
256.b1|[0,0,0,-2,0]|24.288.17.djz.1-24.1
256.c2|[0,0,0,2,0]|24.288.17.bus.1-24.1
256.d1|[0,-1,0,-13,21]|24.288.17.coj.1-24.3
256.c2|[0,0,0,2,0]|26.273.15.a.1
256.c2|[0,0,0,2,0]|30.270.15.d.1
256.a2|[0,1,0,-3,1]|32.384.25.fx.1-32.1
256.a1|[0,1,0,-13,-21]|32.384.25.fx.1-32.2
256.d2|[0,-1,0,-3,-1]|32.384.25.fx.1-32.4
256.d1|[0,-1,0,-13,21]|32.384.25.fx.1-32.3
256.b1|[0,0,0,-2,0]|32.768.49.ml.1-32.1
256.b2|[0,0,0,8,0]|32.768.49.gw.1-32.1
256.c2|[0,0,0,2,0]|32.768.49.gw.1-32.2
256.c1|[0,0,0,-8,0]|32.768.49.ml.1-32.2
256.c2|[0,0,0,2,0]|34.459.28.a.1
256.c2|[0,0,0,2,0]|38.513.32.a.1
256.b1|[0,0,0,-2,0]|40.1440.97.ebt.1-40.1
256.c2|[0,0,0,2,0]|40.1440.97.cat.1-40.1
256.a1|[0,1,0,-13,-21]|40.480.33.yt.1-40.4
256.d1|[0,-1,0,-13,21]|40.480.33.yt.1-40.3
288.a2|[0,0,0,3,0]|2.3.0.a.1
288.d3|[0,0,0,-9,0]|2.6.0.a.1
288.d3|[0,0,0,-9,0]|4.12.0.a.1
288.a2|[0,0,0,3,0]|4.6.0.e.1
288.a2|[0,0,0,3,0]|5.15.0.a.1
288.a2|[0,0,0,3,0]|7.21.0.a.1
288.a2|[0,0,0,3,0]|8.24.0.bo.1
288.d3|[0,0,0,-9,0]|8.48.1.c.1
288.a2|[0,0,0,3,0]|10.45.1.a.1
288.d3|[0,0,0,-9,0]|10.90.4.a.1
288.d2|[0,0,0,-99,378]|12.36.1.j.1-12.1
288.a2|[0,0,0,3,0]|12.72.3.cn.1-12.1
288.a1|[0,0,0,-12,0]|12.72.3.cp.1-12.1
288.d3|[0,0,0,-9,0]|12.72.3.c.1-12.3
288.d4|[0,0,0,36,0]|12.72.3.bj.1-12.3
288.d3|[0,0,0,-9,0]|14.126.7.a.1
288.a2|[0,0,0,3,0]|14.63.2.a.1
288.d3|[0,0,0,-9,0]|16.192.9.g.1
288.a2|[0,0,0,3,0]|16.96.4.n.1
288.a2|[0,0,0,3,0]|20.180.9.l.1
288.d3|[0,0,0,-9,0]|20.360.19.c.1
288.d1|[0,0,0,-99,-378]|24.144.7.um.1-24.4
288.d2|[0,0,0,-99,378]|24.144.7.um.1-24.3
288.a2|[0,0,0,3,0]|24.288.17.ffk.1-24.2
288.a1|[0,0,0,-12,0]|24.288.17.fhw.1-24.2
288.d3|[0,0,0,-9,0]|24.288.17.bo.1-24.2
288.d4|[0,0,0,36,0]|24.288.17.djv.1-24.2
288.a2|[0,0,0,3,0]|28.252.15.n.1
288.d3|[0,0,0,-9,0]|28.504.31.c.1
288.a1|[0,0,0,-12,0]|30.540.33.bc.1
288.a2|[0,0,0,3,0]|32.384.24.m.1
288.d3|[0,0,0,-9,0]|32.768.49.h.1
288.d1|[0,0,0,-99,-378]|36.324.19.k.1-36.2
288.d2|[0,0,0,-99,378]|36.324.19.k.1-36.1
288.a2|[0,0,0,3,0]|36.648.43.ef.1-36.1
288.a1|[0,0,0,-12,0]|36.648.43.eh.1-36.1
288.d3|[0,0,0,-9,0]|36.648.43.c.1-36.3
288.d4|[0,0,0,36,0]|36.648.43.bz.1-36.3
288.d3|[0,0,0,-9,0]|40.1440.97.bq.1
288.a2|[0,0,0,3,0]|40.720.47.to.1
361.a2|[0,0,1,-38,90]|19.180.7.e.1-19.1
361.a1|[0,0,1,-13718,-619025]|19.180.7.e.1-19.2
361.a2|[0,0,1,-38,90]|38.360.22.p.1-38.1
361.a1|[0,0,1,-13718,-619025]|38.360.22.p.1-38.2
432.e2|[0,0,0,-480,-4048]|12.32.1.c.1-12.4
432.e1|[0,0,0,-4320,109296]|12.32.1.c.1-12.3
432.e3|[0,0,0,0,-16]|12.96.5.f.1-12.1
432.d1|[0,0,0,0,-4]|12.96.4.a.1-12.3
432.d2|[0,0,0,0,108]|12.96.4.a.1-12.4
432.e2|[0,0,0,-480,-4048]|24.128.7.e.1-24.6
432.e1|[0,0,0,-4320,109296]|24.128.7.e.1-24.5
432.e3|[0,0,0,0,-16]|24.384.25.v.1-24.2
432.d1|[0,0,0,0,-4]|24.384.24.a.1-24.6
432.d2|[0,0,0,0,108]|24.384.24.a.1-24.5
432.d2|[0,0,0,0,108]|30.480.31.f.1
432.e2|[0,0,0,-480,-4048]|36.288.17.cd.1-36.2
432.e1|[0,0,0,-4320,109296]|36.288.17.cd.1-36.1
432.e3|[0,0,0,0,-16]|36.864.55.ez.1-36.2
432.e4|[0,0,0,0,432]|36.864.55.ez.1-36.1
432.d1|[0,0,0,0,-4]|36.864.52.b.1-36.4
432.d2|[0,0,0,0,108]|36.864.52.b.1-36.3
441.c4|[1,-1,1,-20,46]|21.144.7.g.1-21.1
441.c3|[1,-1,1,-335,2440]|21.144.7.g.1-21.1
441.c2|[1,-1,1,-965,-13940]|21.144.7.g.1-21.2
441.c1|[1,-1,1,-16400,-804212]|21.144.7.g.1-21.2
441.e1|[0,0,1,0,-4202]|21.672.33.b.1-21.4
441.e2|[0,0,1,0,113447]|21.672.33.b.1-21.3
441.d2|[0,0,1,0,12]|21.672.33.b.1-21.1
441.d1|[0,0,1,0,-331]|21.672.33.b.1-21.2
576.e4|[0,0,0,0,8]|2.3.0.a.1
576.e4|[0,0,0,0,8]|4.12.0.e.1
576.c4|[0,0,0,9,0]|4.12.0.d.1
576.e4|[0,0,0,0,8]|8.48.1.bs.1
576.c4|[0,0,0,9,0]|8.48.1.bn.1
576.e4|[0,0,0,0,8]|10.60.2.e.1
576.c4|[0,0,0,9,0]|10.90.3.b.1
576.c1|[0,0,0,-396,-3024]|12.36.1.j.1-12.2
576.e2|[0,0,0,-60,176]|12.48.1.p.1-12.4
576.e1|[0,0,0,-540,-4752]|12.48.1.p.1-12.3
576.i1|[0,0,0,-3,0]|12.72.3.cp.1-12.2
576.i2|[0,0,0,12,0]|12.72.3.cn.1-12.2
576.c4|[0,0,0,9,0]|12.72.3.bj.1-12.2
576.c3|[0,0,0,-36,0]|12.72.3.c.1-12.2
576.c4|[0,0,0,9,0]|14.126.5.d.1
576.e4|[0,0,0,0,8]|14.168.7.d.1
576.e4|[0,0,0,0,8]|16.192.9.fv.1
576.c4|[0,0,0,9,0]|16.192.9.fl.1
576.e4|[0,0,0,0,8]|20.240.13.da.1
576.c4|[0,0,0,9,0]|20.360.19.bn.1
576.e4|[0,0,0,0,8]|22.330.18.e.1
576.c1|[0,0,0,-396,-3024]|24.144.7.um.1-24.6
576.c2|[0,0,0,-396,3024]|24.144.7.um.1-24.5
576.e2|[0,0,0,-60,176]|24.192.9.rn.1-24.6
576.e1|[0,0,0,-540,-4752]|24.192.9.rn.1-24.5
576.f2|[0,0,0,-60,-176]|24.192.9.rn.1-24.3
576.f1|[0,0,0,-540,4752]|24.192.9.rn.1-24.4
576.i1|[0,0,0,-3,0]|24.288.17.fhw.1-24.1
576.i2|[0,0,0,12,0]|24.288.17.ffk.1-24.1
576.c4|[0,0,0,9,0]|24.288.17.djv.1-24.3
576.c3|[0,0,0,-36,0]|24.288.17.bo.1-24.3
576.e4|[0,0,0,0,8]|24.384.21.fc.1-24.3
576.e3|[0,0,0,0,-216]|24.384.21.fc.1-24.4
576.f3|[0,0,0,0,-8]|24.384.21.fc.1-24.6
576.f4|[0,0,0,0,216]|24.384.21.fc.1-24.5
576.e4|[0,0,0,0,8]|26.546.33.c.1
576.c4|[0,0,0,9,0]|28.504.31.bj.1
576.e4|[0,0,0,0,8]|28.672.41.de.1
576.i2|[0,0,0,12,0]|30.540.37.u.1
576.e4|[0,0,0,0,8]|32.768.49.mu.1
576.c4|[0,0,0,9,0]|32.768.49.mi.1
576.e4|[0,0,0,0,8]|34.816.53.d.1
576.e1|[0,0,0,-540,-4752]|36.432.25.fz.1-36.3
576.f1|[0,0,0,-540,4752]|36.432.25.fz.1-36.4
576.i1|[0,0,0,-3,0]|36.648.43.eh.1-36.2
576.i2|[0,0,0,12,0]|36.648.43.ef.1-36.2
576.c4|[0,0,0,9,0]|36.648.43.bz.1-36.2
576.c3|[0,0,0,-36,0]|36.648.43.c.1-36.2
576.e4|[0,0,0,0,8]|38.1140.76.d.1
576.c4|[0,0,0,9,0]|40.1440.97.ebp.1
576.e4|[0,0,0,0,8]|40.960.65.epc.1
675.e3|[0,0,1,0,-844]|15.240.13.d.1-15.1
675.d2|[0,0,1,0,6]|15.240.12.a.1-15.1
675.d1|[0,0,1,0,-169]|15.240.12.a.1-15.2
675.f2|[0,0,1,0,781]|15.240.12.a.1-15.4
675.f1|[0,0,1,0,-21094]|15.240.12.a.1-15.3
675.e2|[0,0,1,-750,7906]|15.80.3.b.1-15.3
675.e1|[0,0,1,-6750,-213469]|15.80.3.b.1-15.4
675.e2|[0,0,1,-750,7906]|30.160.9.h.1-30.3
675.e1|[0,0,1,-6750,-213469]|30.160.9.h.1-30.4
675.e3|[0,0,1,0,-844]|30.480.33.w.1-30.1
675.d2|[0,0,1,0,6]|30.480.31.e.1-30.1
675.d1|[0,0,1,0,-169]|30.480.31.e.1-30.2
675.f2|[0,0,1,0,781]|30.480.31.e.1-30.3
675.f1|[0,0,1,0,-21094]|30.480.31.e.1-30.4
784.f3|[0,0,0,-595,5586]|14.72.1.b.1-14.2
784.f1|[0,0,0,-29155,-1915998]|14.72.1.b.1-14.1
784.f3|[0,0,0,-595,5586]|28.288.13.bf.1-28.2
784.f1|[0,0,0,-29155,-1915998]|28.288.13.bf.1-28.1
784.f4|[0,0,0,-35,98]|28.576.31.bt.1-28.1
784.f2|[0,0,0,-1715,-33614]|28.576.31.bt.1-28.2
800.d3|[0,0,0,-25,0]|6.18.1.a.1
800.d3|[0,0,0,-25,0]|12.72.3.c.1
800.d3|[0,0,0,-25,0]|18.162.10.b.1
800.d2|[0,0,0,-275,1750]|20.180.7.j.1-20.2
800.d3|[0,0,0,-25,0]|20.360.19.c.1-20.3
800.d4|[0,0,0,100,0]|20.360.19.bn.1-20.3
800.e1|[0,0,0,-5,0]|20.360.19.dl.1-20.1
800.e2|[0,0,0,20,0]|20.360.19.dn.1-20.1
800.d3|[0,0,0,-25,0]|24.288.17.bo.1
800.e2|[0,0,0,20,0]|30.540.33.t.1
800.d3|[0,0,0,-25,0]|36.648.43.c.1
800.d3|[0,0,0,-25,0]|40.1440.97.bq.1-40.2
800.d4|[0,0,0,100,0]|40.1440.97.ebp.1-40.2
800.e1|[0,0,0,-5,0]|40.1440.97.hsc.1-40.2
800.e2|[0,0,0,20,0]|40.1440.97.hve.1-40.2
800.d1|[0,0,0,-275,-1750]|40.720.43.ya.1-40.3
800.d2|[0,0,0,-275,1750]|40.720.43.ya.1-40.4
900.g4|[0,0,0,0,125]|6.24.0.b.1
900.d2|[0,0,0,0,100]|10.60.1.a.1
900.g4|[0,0,0,0,125]|12.96.3.p.1
900.g2|[0,0,0,-375,2750]|15.80.3.b.1-15.3
900.g1|[0,0,0,-3375,-74250]|15.80.3.b.1-15.4
900.g4|[0,0,0,0,125]|18.216.10.w.1
900.d2|[0,0,0,0,100]|20.240.12.a.1
900.g4|[0,0,0,0,125]|24.384.21.fc.1
900.g2|[0,0,0,-375,2750]|30.240.13.b.1-30.3
900.g1|[0,0,0,-3375,-74250]|30.240.13.b.1-30.4
900.f2|[0,0,0,0,12500]|30.480.27.b.1-30.3
900.f1|[0,0,0,0,-337500]|30.480.27.b.1-30.4
900.g4|[0,0,0,0,125]|30.480.29.o.1-30.3
900.g3|[0,0,0,0,-3375]|30.480.29.o.1-30.4
900.d2|[0,0,0,0,100]|30.480.27.b.1-30.1
900.d1|[0,0,0,0,-2700]|30.480.27.b.1-30.2
900.g4|[0,0,0,0,125]|36.864.55.eq.1
900.d2|[0,0,0,0,100]|40.960.64.a.1
972.d1|[0,0,0,0,-3]|15.80.3.b.1-15.2
972.b2|[0,0,0,0,9]|15.80.3.b.1-15.1
972.d1|[0,0,0,0,-3]|18.216.11.c.1-18.2
972.b2|[0,0,0,0,9]|18.216.11.c.1-18.1
972.d1|[0,0,0,0,-3]|21.224.11.b.1-21.2
972.d1|[0,0,0,0,-3]|27.324.18.b.1-27.2
972.d1|[0,0,0,0,-3]|30.160.9.h.1-30.2
972.b2|[0,0,0,0,9]|30.160.9.h.1-30.1
972.d1|[0,0,0,0,-3]|33.440.27.b.1-33.2
972.d1|[0,0,0,0,-3]|36.864.59.e.1-36.2
972.b2|[0,0,0,0,9]|36.864.59.e.1-36.1
972.d1|[0,0,0,0,-3]|39.728.47.b.1-39.2
1089.f2|[0,0,1,0,30]|33.1320.81.b.1-33.1
1089.f1|[0,0,1,0,-817]|33.1320.81.b.1-33.2
1089.e1|[0,0,1,0,-40263]|33.1320.81.b.1-33.4
1089.e2|[0,0,1,0,1087094]|33.1320.81.b.1-33.3
1089.g2|[0,0,1,-66,-212]|33.720.41.f.1-33.2
1089.g1|[0,0,1,-7986,281839]|33.720.41.f.1-33.1
1225.c2|[1,-1,1,-2680,66322]|2.3.0.a.1
1225.c2|[1,-1,1,-2680,66322]|3.3.0.a.1
1225.c2|[1,-1,1,-2680,66322]|4.12.0.f.1
1225.c2|[1,-1,1,-2680,66322]|5.10.0.a.1
1225.c2|[1,-1,1,-2680,66322]|6.18.0.d.1
1225.c2|[1,-1,1,-2680,66322]|7.24.0.b.1
1225.c2|[1,-1,1,-2680,66322]|8.48.1.bv.1
1225.c2|[1,-1,1,-2680,66322]|9.27.0.b.1
1225.c2|[1,-1,1,-2680,66322]|10.60.2.e.1
1225.c2|[1,-1,1,-2680,66322]|11.66.2.a.1
1225.c2|[1,-1,1,-2680,66322]|12.72.2.p.1
1225.c2|[1,-1,1,-2680,66322]|13.78.3.a.1
1225.c2|[1,-1,1,-2680,66322]|14.144.4.f.1
1225.c2|[1,-1,1,-2680,66322]|15.60.2.d.1
1225.c2|[1,-1,1,-2680,66322]|16.192.9.fw.1
1225.c2|[1,-1,1,-2680,66322]|17.136.6.a.1
1225.c2|[1,-1,1,-2680,66322]|18.162.7.e.1
1225.c2|[1,-1,1,-2680,66322]|19.171.8.a.1
1225.c2|[1,-1,1,-2680,66322]|20.240.13.db.1
1225.c2|[1,-1,1,-2680,66322]|21.144.7.g.1
1225.c2|[1,-1,1,-2680,66322]|22.396.22.d.1
1225.c2|[1,-1,1,-2680,66322]|23.276.15.a.1
1225.c2|[1,-1,1,-2680,66322]|24.288.15.zb.1
1225.c2|[1,-1,1,-2680,66322]|25.250.14.a.1
1225.c2|[1,-1,1,-2680,66322]|26.468.28.d.1
1225.c2|[1,-1,1,-2680,66322]|27.243.12.a.1
1225.c2|[1,-1,1,-2680,66322]|28.576.31.bt.1
1225.c2|[1,-1,1,-2680,66322]|29.435.26.a.1
1225.c2|[1,-1,1,-2680,66322]|30.360.21.bq.1
1225.c2|[1,-1,1,-2680,66322]|31.465.28.a.1
1225.c2|[1,-1,1,-2680,66322]|32.768.49.mv.1
1225.c2|[1,-1,1,-2680,66322]|33.396.22.d.1
1225.c2|[1,-1,1,-2680,66322]|34.816.53.d.1
1225.c4|[1,-1,1,-55,-178]|35.480.29.l.1-35.2
1225.c3|[1,-1,1,-930,-10678]|35.480.29.l.1-35.2
1225.c2|[1,-1,1,-2680,66322]|35.480.29.l.1-35.1
1225.c1|[1,-1,1,-45555,3753572]|35.480.29.l.1-35.1
1225.c2|[1,-1,1,-2680,66322]|36.648.40.r.1
1225.c2|[1,-1,1,-2680,66322]|37.703.45.a.1
1225.c2|[1,-1,1,-2680,66322]|38.1026.68.d.1
1225.c2|[1,-1,1,-2680,66322]|39.468.28.d.1
1225.c2|[1,-1,1,-2680,66322]|40.960.65.eph.1
1323.i2|[0,0,1,-1470,-21695]|21.224.11.b.1-21.4
1323.i1|[0,0,1,-13230,585758]|21.224.11.b.1-21.3
1323.k2|[0,0,1,0,600]|21.672.40.a.1-21.1
1323.k1|[0,0,1,0,-16207]|21.672.40.a.1-21.2
1323.i3|[0,0,1,0,-86]|21.672.41.d.1-21.1
1323.j1|[0,0,1,0,-2]|21.672.40.a.1-21.3
1323.j2|[0,0,1,0,47]|21.672.40.a.1-21.4
1521.c2|[0,0,1,0,3]|39.2184.141.c.1-39.4
1521.c1|[0,0,1,0,-88]|39.2184.141.c.1-39.3
1521.b2|[0,0,1,0,7140]|39.2184.141.c.1-39.1
1521.b1|[0,0,1,0,-192787]|39.2184.141.c.1-39.2
1568.e1|[0,0,0,-539,-4802]|28.252.13.j.1-28.2
1568.e2|[0,0,0,-539,4802]|28.252.13.j.1-28.1
1568.f2|[0,0,0,7,0]|28.504.31.cj.1-28.2
1568.f1|[0,0,0,-28,0]|28.504.31.cl.1-28.2
1568.e3|[0,0,0,-49,0]|28.504.31.c.1-28.3
1568.e4|[0,0,0,196,0]|28.504.31.bj.1-28.3
1600.m2|[0,0,0,5,0]|3.3.0.a.1
1600.n4|[0,0,0,25,0]|6.18.0.d.1
1600.m2|[0,0,0,5,0]|6.9.0.a.1
1600.m2|[0,0,0,5,0]|9.27.0.b.1
1600.m2|[0,0,0,5,0]|12.36.1.bn.1
1600.n4|[0,0,0,25,0]|12.72.3.bj.1
1600.n4|[0,0,0,25,0]|18.162.7.e.1
1600.m2|[0,0,0,5,0]|18.81.3.a.1
1600.n1|[0,0,0,-1100,-14000]|20.180.7.j.1-20.1
1600.n4|[0,0,0,25,0]|20.360.19.bn.1-20.2
1600.n3|[0,0,0,-100,0]|20.360.19.c.1-20.2
1600.m2|[0,0,0,5,0]|20.360.19.dn.1-20.2
1600.m1|[0,0,0,-20,0]|20.360.19.dl.1-20.2
1600.m2|[0,0,0,5,0]|24.144.7.cfg.1
1600.n4|[0,0,0,25,0]|24.288.17.djv.1
1600.m1|[0,0,0,-20,0]|30.540.37.bl.1
1600.m2|[0,0,0,5,0]|36.324.21.l.1
1600.n4|[0,0,0,25,0]|36.648.43.bz.1
1600.n4|[0,0,0,25,0]|40.1440.97.ebp.1-40.3
1600.n3|[0,0,0,-100,0]|40.1440.97.bq.1-40.3
1600.m2|[0,0,0,5,0]|40.1440.97.hve.1-40.1
1600.m1|[0,0,0,-20,0]|40.1440.97.hsc.1-40.1
1600.n1|[0,0,0,-1100,-14000]|40.720.43.ya.1-40.5
1600.n2|[0,0,0,-1100,14000]|40.720.43.ya.1-40.6
1728.n4|[0,0,0,0,2]|1.1.0.a.1
1728.n4|[0,0,0,0,2]|4.4.0.a.1
1728.n4|[0,0,0,0,2]|5.10.0.a.1
1728.n4|[0,0,0,0,2]|7.28.0.a.1
1728.n4|[0,0,0,0,2]|8.16.0.a.1
1728.n4|[0,0,0,0,2]|10.20.0.b.1
1728.n4|[0,0,0,0,2]|11.55.1.b.1
1728.n4|[0,0,0,0,2]|13.91.3.b.1
1728.n4|[0,0,0,0,2]|14.56.1.b.1
1728.o4|[0,0,0,0,54]|15.240.13.d.1
1728.n4|[0,0,0,0,2]|16.64.2.a.1
1728.n4|[0,0,0,0,2]|17.136.6.a.1
1728.n4|[0,0,0,0,2]|19.190.9.a.1
1728.n4|[0,0,0,0,2]|20.80.3.d.1
1728.o3|[0,0,0,0,-2]|21.672.41.d.1
1728.n4|[0,0,0,0,2]|22.110.4.b.1
1728.n2|[0,0,0,-120,506]|24.128.7.e.1-24.7
1728.n1|[0,0,0,-1080,-13662]|24.128.7.e.1-24.8
1728.o2|[0,0,0,-120,-506]|24.128.7.e.1-24.4
1728.o1|[0,0,0,-1080,13662]|24.128.7.e.1-24.3
1728.n4|[0,0,0,0,2]|24.384.25.v.1-24.1
1728.p2|[0,0,0,0,32]|24.384.24.a.1-24.8
1728.p1|[0,0,0,0,-864]|24.384.24.a.1-24.7
1728.m1|[0,0,0,0,-32]|24.384.24.a.1-24.3
1728.m2|[0,0,0,0,864]|24.384.24.a.1-24.4
1728.o3|[0,0,0,0,-2]|24.384.25.v.1-24.3
1728.n4|[0,0,0,0,2]|26.182.9.b.1
1728.o3|[0,0,0,0,-2]|27.972.55.l.1
1728.n4|[0,0,0,0,2]|28.224.11.d.1
1728.o4|[0,0,0,0,54]|30.480.33.w.1
1728.n4|[0,0,0,0,2]|32.256.14.a.1
1728.o3|[0,0,0,0,-2]|33.1320.91.d.1
1728.n4|[0,0,0,0,2]|34.272.15.b.1
1728.n4|[0,0,0,0,2]|38.380.22.b.1
1728.o3|[0,0,0,0,-2]|39.2184.155.d.1
1728.n4|[0,0,0,0,2]|40.320.19.h.1
1764.e2|[0,0,0,-735,-7546]|21.224.11.b.1-21.4
1764.e1|[0,0,0,-6615,203742]|21.224.11.b.1-21.3
2304.p1|[0,0,0,-18,0]|4.12.0.f.1
2304.a2|[0,0,0,18,0]|4.12.0.e.1
2304.p1|[0,0,0,-18,0]|8.48.1.bp.1
2304.a2|[0,0,0,18,0]|8.48.1.t.1
2304.p1|[0,0,0,-18,0]|16.192.9.fo.1
2304.a2|[0,0,0,18,0]|16.192.9.cu.1
2304.p1|[0,0,0,-18,0]|20.360.21.h.1
2304.a2|[0,0,0,18,0]|20.360.21.g.1
2304.c1|[0,0,0,-6,0]|24.288.17.ffs.1-24.1
2304.i1|[0,0,0,-120,448]|24.288.17.coj.1-24.1
2304.p1|[0,0,0,-18,0]|24.288.17.djz.1-24.2
2304.n2|[0,0,0,6,0]|24.288.17.fie.1-24.1
2304.h1|[0,0,0,-120,-448]|24.288.17.coj.1-24.2
2304.a2|[0,0,0,18,0]|24.288.17.bus.1-24.2
2304.p1|[0,0,0,-18,0]|28.504.33.f.1
2304.a2|[0,0,0,18,0]|28.504.33.e.1
2304.p1|[0,0,0,-18,0]|32.768.49.ml.1
2304.a2|[0,0,0,18,0]|32.768.49.gw.1
2304.p1|[0,0,0,-18,0]|40.1440.97.ebt.1
2304.a2|[0,0,0,18,0]|40.1440.97.cat.1
2700.l2|[0,0,0,0,5]|3.4.0.a.1
2700.u2|[0,0,0,0,25]|3.4.0.a.1-3.1
2700.b2|[0,0,0,0,500]|6.24.0.c.1
2700.l2|[0,0,0,0,5]|6.8.0.b.1
2700.u2|[0,0,0,0,25]|6.8.0.b.1-6.1
2700.l2|[0,0,0,0,5]|9.36.0.g.1
2700.u2|[0,0,0,0,25]|9.36.0.g.1-9.1
2700.l2|[0,0,0,0,5]|12.32.1.c.1
2700.u2|[0,0,0,0,25]|12.32.1.c.1-12.1
2700.b2|[0,0,0,0,500]|12.96.4.a.1
2700.b2|[0,0,0,0,500]|18.216.7.q.1
2700.l2|[0,0,0,0,5]|18.72.2.f.1
2700.u2|[0,0,0,0,25]|18.72.2.f.1-18.1
2700.l2|[0,0,0,0,5]|24.128.7.e.1
2700.u2|[0,0,0,0,25]|24.128.7.e.1-24.1
2700.b2|[0,0,0,0,500]|24.384.24.a.1
2700.l2|[0,0,0,0,5]|30.480.32.a.1-30.3
2700.l1|[0,0,0,0,-135]|30.480.32.a.1-30.4
2700.b2|[0,0,0,0,500]|30.480.31.f.1-30.3
2700.b1|[0,0,0,0,-13500]|30.480.31.f.1-30.4
2700.u2|[0,0,0,0,25]|30.480.32.a.1-30.1
2700.u1|[0,0,0,0,-675]|30.480.32.a.1-30.2
2700.l2|[0,0,0,0,5]|36.288.17.cf.1
2700.u2|[0,0,0,0,25]|36.288.17.cf.1-36.1
2700.b2|[0,0,0,0,500]|36.864.52.b.1
3136.n1|[0,0,0,-116620,15327984]|28.288.13.bf.1-28.4
3136.o1|[0,0,0,-116620,-15327984]|28.288.13.bf.1-28.3
3136.m4|[0,0,0,49,0]|28.504.31.bj.1-28.2
3136.m3|[0,0,0,-196,0]|28.504.31.c.1-28.2
3136.l1|[0,0,0,-7,0]|28.504.31.cl.1-28.1
3136.l2|[0,0,0,28,0]|28.504.31.cj.1-28.1
3267.g1|[0,0,1,0,-3]|33.1320.90.a.1-33.3
3267.g2|[0,0,1,0,74]|33.1320.90.a.1-33.4
3267.e2|[0,0,1,0,3660]|33.1320.90.a.1-33.1
3267.e1|[0,0,1,0,-98827]|33.1320.90.a.1-33.2
3267.f3|[0,0,1,0,-333]|33.1320.91.d.1-33.1
3267.f2|[0,0,1,-3630,-84186]|33.440.27.b.1-33.4
3267.f1|[0,0,1,-32670,2273015]|33.440.27.b.1-33.3
3600.e2|[0,0,0,-375,-2750]|30.240.13.b.1-30.5
3600.e1|[0,0,0,-3375,74250]|30.240.13.b.1-30.6
3600.x2|[0,0,0,0,2700]|30.480.27.b.1
3872.g1|[0,0,0,-44,0]|22.330.18.c.1
3888.i2|[0,0,0,0,3]|15.80.3.b.1
3888.i2|[0,0,0,0,3]|30.160.9.h.1
3888.k1|[0,0,0,0,-9]|36.864.59.e.1-36.4
3888.h1|[0,0,0,0,-144]|36.864.59.c.1-36.4
3888.n2|[0,0,0,0,48]|36.864.59.c.1-36.3
3888.i2|[0,0,0,0,3]|36.864.59.e.1-36.3
4356.g2|[0,0,0,-1815,-29282]|33.440.27.b.1-33.4
4356.g1|[0,0,0,-16335,790614]|33.440.27.b.1-33.3
4563.d2|[0,0,1,0,92823]|39.2184.154.a.1-39.3
4563.d1|[0,0,1,0,-2506228]|39.2184.154.a.1-39.4
4563.c2|[0,0,1,0,42]|39.2184.154.a.1-39.1
4563.c1|[0,0,1,0,-1141]|39.2184.154.a.1-39.2
4563.e4|[0,0,1,0,549]|39.2184.155.d.1-39.1
4563.e2|[0,0,1,-5070,138960]|39.728.47.b.1-39.4
4563.e1|[0,0,1,-45630,-3751927]|39.728.47.b.1-39.3
5292.i1|[0,0,0,0,-7]|21.224.11.b.1-21.4
5408.h2|[0,0,0,52,0]|26.546.33.a.1
5776.i1|[0,0,0,-219488,39617584]|1.1.0.a.1
5776.i1|[0,0,0,-219488,39617584]|3.3.0.a.1
5776.i1|[0,0,0,-219488,39617584]|4.4.0.a.1
5776.i1|[0,0,0,-219488,39617584]|5.15.0.a.1
5776.i1|[0,0,0,-219488,39617584]|6.6.0.d.1
5776.i1|[0,0,0,-219488,39617584]|7.28.0.a.1
5776.i1|[0,0,0,-219488,39617584]|8.16.0.a.1
5776.i1|[0,0,0,-219488,39617584]|9.27.0.b.1
5776.i1|[0,0,0,-219488,39617584]|10.30.1.c.1
5776.i1|[0,0,0,-219488,39617584]|11.66.2.a.1
5776.i1|[0,0,0,-219488,39617584]|12.24.0.r.1
5776.i1|[0,0,0,-219488,39617584]|13.78.3.a.1
5776.i1|[0,0,0,-219488,39617584]|14.56.1.b.1
5776.i1|[0,0,0,-219488,39617584]|15.90.3.d.1
5776.i1|[0,0,0,-219488,39617584]|16.64.2.a.1
5776.i1|[0,0,0,-219488,39617584]|17.153.7.a.1
5776.i1|[0,0,0,-219488,39617584]|18.54.1.c.1
5776.i1|[0,0,0,-219488,39617584]|19.180.7.e.1
5776.i1|[0,0,0,-219488,39617584]|20.120.6.f.1
5776.i1|[0,0,0,-219488,39617584]|21.168.7.d.1
5776.i1|[0,0,0,-219488,39617584]|22.132.6.b.1
5776.i1|[0,0,0,-219488,39617584]|23.276.15.a.1
5776.i1|[0,0,0,-219488,39617584]|24.96.3.iz.1
5776.i1|[0,0,0,-219488,39617584]|25.375.22.a.1
5776.i1|[0,0,0,-219488,39617584]|26.156.8.b.1
5776.i1|[0,0,0,-219488,39617584]|27.243.12.a.1
5776.i1|[0,0,0,-219488,39617584]|28.224.11.d.1
5776.i1|[0,0,0,-219488,39617584]|29.406.24.a.1
5776.i1|[0,0,0,-219488,39617584]|30.180.9.p.1
5776.i1|[0,0,0,-219488,39617584]|31.465.28.a.1
5776.i1|[0,0,0,-219488,39617584]|32.256.14.a.1
5776.i1|[0,0,0,-219488,39617584]|33.396.22.d.1
5776.i1|[0,0,0,-219488,39617584]|34.306.18.b.1
5776.i1|[0,0,0,-219488,39617584]|35.840.55.d.1
5776.i1|[0,0,0,-219488,39617584]|36.216.10.bl.1
5776.i1|[0,0,0,-219488,39617584]|37.666.43.a.1
5776.i1|[0,0,0,-219488,39617584]|38.360.22.p.1
5776.i1|[0,0,0,-219488,39617584]|39.468.28.d.1
5776.i1|[0,0,0,-219488,39617584]|40.480.31.it.1
5929.e1|[0,1,1,-43479,3565909]|1.1.0.a.1
5929.e1|[0,1,1,-43479,3565909]|3.6.0.b.1
5929.e1|[0,1,1,-43479,3565909]|4.4.0.a.1
5929.e1|[0,1,1,-43479,3565909]|5.15.0.a.1
5929.e1|[0,1,1,-43479,3565909]|6.12.0.b.1
5929.e1|[0,1,1,-43479,3565909]|7.21.0.a.1
5929.e1|[0,1,1,-43479,3565909]|8.16.0.a.1
5929.e1|[0,1,1,-43479,3565909]|9.54.1.a.1
5929.e1|[0,1,1,-43479,3565909]|10.30.1.c.1
5929.e1|[0,1,1,-43479,3565909]|11.60.1.c.1
5929.e1|[0,1,1,-43479,3565909]|12.48.1.r.1
5929.e1|[0,1,1,-43479,3565909]|13.78.3.a.1
5929.e1|[0,1,1,-43479,3565909]|14.42.1.b.1
5929.e1|[0,1,1,-43479,3565909]|15.180.8.d.1
5929.e1|[0,1,1,-43479,3565909]|16.64.2.a.1
5929.e1|[0,1,1,-43479,3565909]|17.136.6.a.1
5929.e1|[0,1,1,-43479,3565909]|18.108.4.l.1
5929.e1|[0,1,1,-43479,3565909]|19.171.8.a.1
5929.e1|[0,1,1,-43479,3565909]|20.120.6.f.1
5929.e1|[0,1,1,-43479,3565909]|21.252.12.b.1
5929.e1|[0,1,1,-43479,3565909]|22.120.6.f.1
5929.e1|[0,1,1,-43479,3565909]|23.276.15.a.1
5929.e1|[0,1,1,-43479,3565909]|24.192.9.sa.1
5929.e1|[0,1,1,-43479,3565909]|25.375.22.a.1
5929.e1|[0,1,1,-43479,3565909]|26.156.8.b.1
5929.e1|[0,1,1,-43479,3565909]|27.486.28.g.1
5929.e1|[0,1,1,-43479,3565909]|28.168.8.d.1
5929.e1|[0,1,1,-43479,3565909]|29.406.24.a.1
5929.e1|[0,1,1,-43479,3565909]|30.360.21.br.1
5929.e1|[0,1,1,-43479,3565909]|31.496.30.a.1
5929.e1|[0,1,1,-43479,3565909]|32.256.14.a.1
5929.e1|[0,1,1,-43479,3565909]|33.720.41.f.1
5929.e1|[0,1,1,-43479,3565909]|34.272.15.b.1
5929.e1|[0,1,1,-43479,3565909]|35.630.40.d.1
5929.e1|[0,1,1,-43479,3565909]|36.432.25.gu.1
5929.e1|[0,1,1,-43479,3565909]|37.703.45.a.1
5929.e1|[0,1,1,-43479,3565909]|38.342.20.b.1
5929.e1|[0,1,1,-43479,3565909]|39.936.61.b.1
5929.e1|[0,1,1,-43479,3565909]|40.480.31.it.1
6084.j2|[0,0,0,0,676]|26.546.32.d.1
6084.i2|[0,0,0,-2535,48334]|39.728.47.b.1-39.4
6084.i1|[0,0,0,-22815,-1305018]|39.728.47.b.1-39.3
6400.m1|[0,0,0,-50,0]|12.72.3.dp.1
6400.l2|[0,0,0,50,0]|12.72.3.do.1
6400.m1|[0,0,0,-50,0]|24.288.17.djz.1
6400.l2|[0,0,0,50,0]|24.288.17.bus.1
6400.m1|[0,0,0,-50,0]|36.648.45.f.1
6400.l2|[0,0,0,50,0]|36.648.45.e.1
6400.m1|[0,0,0,-50,0]|40.1440.97.ebt.1-40.2
6400.o2|[0,0,0,10,0]|40.1440.97.hsk.1-40.1
6400.l2|[0,0,0,50,0]|40.1440.97.cat.1-40.2
6400.k1|[0,0,0,-10,0]|40.1440.97.hvm.1-40.1
6400.x1|[0,-1,0,-333,-1963]|40.480.33.yt.1-40.2
6400.a1|[0,1,0,-333,1963]|40.480.33.yt.1-40.1
7056.z2|[0,0,0,0,28]|14.168.6.a.1
7056.z2|[0,0,0,0,28]|28.672.40.a.1
7200.bf2|[0,0,0,75,0]|6.18.1.b.1
7200.y1|[0,0,0,-45,0]|10.90.4.b.1
7200.bf2|[0,0,0,75,0]|12.72.3.cn.1
7200.bf2|[0,0,0,75,0]|18.162.10.h.1
7200.y1|[0,0,0,-45,0]|20.360.19.dl.1
7200.bf2|[0,0,0,75,0]|24.288.17.ffk.1
7200.bc1|[0,0,0,-60,0]|30.540.33.r.1
7200.bf2|[0,0,0,75,0]|36.648.43.ef.1
7200.y1|[0,0,0,-45,0]|40.1440.97.hsc.1
7744.u2|[0,0,0,44,0]|22.330.21.d.1
9248.c2|[0,0,0,68,0]|34.918.60.a.1
10800.a1|[0,0,0,0,-25]|12.32.1.c.1-12.4
10800.a1|[0,0,0,0,-25]|24.128.7.e.1-24.6
10800.bq2|[0,0,0,0,135]|30.480.32.a.1
10800.a1|[0,0,0,0,-25]|36.288.17.cf.1-36.4
10816.q1|[0,0,0,-52,0]|26.546.36.f.1
11552.j1|[0,0,0,-76,0]|38.1026.68.c.1
13068.b1|[0,0,0,0,-11]|33.440.27.b.1-33.4
14112.c2|[0,0,0,63,0]|14.126.7.c.1
14112.c2|[0,0,0,63,0]|28.504.31.cj.1
14400.c2|[0,0,0,0,10]|5.30.0.b.1
14400.co1|[0,0,0,-75,0]|6.18.0.c.1
14400.c2|[0,0,0,0,10]|10.60.2.f.1
14400.cw2|[0,0,0,45,0]|10.90.3.a.1
14400.co1|[0,0,0,-75,0]|12.72.3.cp.1
14400.fj2|[0,0,0,0,270]|15.240.9.d.1
14400.co1|[0,0,0,-75,0]|18.162.7.d.1
14400.c2|[0,0,0,0,10]|20.240.13.df.1
14400.cw2|[0,0,0,45,0]|20.360.19.dn.1
14400.co1|[0,0,0,-75,0]|24.288.17.fhw.1
14400.c2|[0,0,0,0,10]|25.750.46.a.1
14400.fj2|[0,0,0,0,270]|30.480.29.p.1
14400.cq2|[0,0,0,60,0]|30.540.37.bn.1
14400.c2|[0,0,0,0,10]|35.1680.113.d.1
14400.co1|[0,0,0,-75,0]|36.648.43.eh.1
14400.cw2|[0,0,0,45,0]|40.1440.97.hve.1
14400.c2|[0,0,0,0,10]|40.960.65.epn.1
15552.x1|[0,0,0,0,-18]|27.972.55.n.1
15552.z1|[0,0,0,0,-6]|27.972.55.p.1
17424.ba2|[0,0,0,0,44]|22.330.17.b.1
18252.i2|[0,0,0,0,13]|39.728.47.b.1-39.4
18496.n1|[0,0,0,-68,0]|34.918.64.b.1
19600.bw2|[0,0,0,-42875,-4201750]|35.480.29.l.1
23104.bd2|[0,0,0,76,0]|38.1026.73.c.1
24300.j1|[0,0,0,0,-75]|3.4.0.a.1-3.2
24300.j1|[0,0,0,0,-75]|6.8.0.b.1-6.2
24300.j1|[0,0,0,0,-75]|9.36.0.g.1-9.2
24300.j1|[0,0,0,0,-75]|12.32.1.c.1-12.2
24300.d2|[0,0,0,0,45]|15.80.3.b.1-15.3
24300.u1|[0,0,0,0,-15]|15.80.3.b.1-15.4
24300.j1|[0,0,0,0,-75]|18.72.2.f.1-18.2
24300.j1|[0,0,0,0,-75]|24.128.7.e.1-24.2
24300.d2|[0,0,0,0,45]|30.160.9.h.1-30.3
24300.u1|[0,0,0,0,-15]|30.160.9.h.1-30.4
24300.j1|[0,0,0,0,-75]|36.288.17.cf.1-36.2
28224.dp2|[0,0,0,0,98]|7.84.1.a.1
28224.gn1|[0,0,0,-63,0]|14.126.5.c.1
28224.dp2|[0,0,0,0,98]|14.168.7.e.1
28224.do1|[0,0,0,0,-98]|21.672.33.b.1
28224.gn1|[0,0,0,-63,0]|28.504.31.cl.1
28224.dp2|[0,0,0,0,98]|28.672.41.dj.1
28224.dp2|[0,0,0,0,98]|35.1680.113.f.1
43200.gl4|[0,0,0,0,250]|3.12.0.a.1
43200.gl4|[0,0,0,0,250]|6.24.1.b.1
43200.gl4|[0,0,0,0,250]|9.108.1.b.1
43200.gl4|[0,0,0,0,250]|12.96.5.f.1
43200.ju2|[0,0,0,0,1350]|15.240.12.a.1
43200.gl4|[0,0,0,0,250]|18.216.10.y.1
43200.q2|[0,0,0,0,50]|24.128.7.e.1-24.7
43200.ju1|[0,0,0,0,-50]|24.128.7.e.1-24.4
43200.gl4|[0,0,0,0,250]|24.384.25.v.1
43200.ju2|[0,0,0,0,1350]|30.480.31.e.1
43200.gl4|[0,0,0,0,250]|36.864.55.ez.1
47628.r2|[0,0,0,0,21]|21.224.11.b.1-21.3
57600.bw1|[0,0,0,-150,0]|12.72.3.dq.1
57600.bt2|[0,0,0,150,0]|12.72.3.dr.1
57600.bz2|[0,0,0,90,0]|20.360.21.i.1
57600.bl1|[0,0,0,-90,0]|20.360.21.j.1
57600.bw1|[0,0,0,-150,0]|24.288.17.ffs.1
57600.bt2|[0,0,0,150,0]|24.288.17.fie.1
57600.bw1|[0,0,0,-150,0]|36.648.45.g.1
57600.bt2|[0,0,0,150,0]|36.648.45.h.1
57600.bz2|[0,0,0,90,0]|40.1440.97.hsk.1
57600.bl1|[0,0,0,-90,0]|40.1440.97.hvm.1
69696.ek2|[0,0,0,0,242]|11.165.5.a.1
69696.ek2|[0,0,0,0,242]|22.330.18.f.1
69696.cy1|[0,0,0,0,-242]|33.1320.81.b.1
84672.fm1|[0,0,0,0,-14]|21.672.40.a.1
97200.ds2|[0,0,0,0,75]|12.32.1.c.1-12.3
97200.fh2|[0,0,0,0,375]|18.216.11.c.1
97200.ds2|[0,0,0,0,75]|24.128.7.e.1-24.5
97200.ds2|[0,0,0,0,75]|36.288.17.cf.1-36.3
97200.fh2|[0,0,0,0,375]|36.864.59.e.1
97344.dj2|[0,0,0,0,26]|13.273.11.a.1
97344.dj2|[0,0,0,0,26]|26.546.33.d.1
97344.df1|[0,0,0,0,-26]|39.2184.141.c.1
108900.j1|[0,0,0,-408375,98826750]|2.3.0.a.1
108900.j1|[0,0,0,-408375,98826750]|3.4.0.a.1
108900.j1|[0,0,0,-408375,98826750]|4.6.0.e.1
108900.j1|[0,0,0,-408375,98826750]|5.10.0.a.1
108900.j1|[0,0,0,-408375,98826750]|6.12.0.a.1
108900.j1|[0,0,0,-408375,98826750]|7.28.0.a.1
108900.j1|[0,0,0,-408375,98826750]|8.24.0.bq.1
108900.j1|[0,0,0,-408375,98826750]|9.36.0.g.1
108900.j1|[0,0,0,-408375,98826750]|10.30.1.a.1
108900.j1|[0,0,0,-408375,98826750]|11.55.1.b.1
108900.j1|[0,0,0,-408375,98826750]|12.48.1.p.1
108900.j1|[0,0,0,-408375,98826750]|13.91.3.b.1
108900.j1|[0,0,0,-408375,98826750]|14.84.3.a.1
108900.j1|[0,0,0,-408375,98826750]|15.80.3.b.1
108900.j1|[0,0,0,-408375,98826750]|16.96.3.ff.1
108900.j1|[0,0,0,-408375,98826750]|17.136.6.a.1
108900.j1|[0,0,0,-408375,98826750]|18.108.4.h.1
108900.j1|[0,0,0,-408375,98826750]|19.190.9.a.1
108900.j1|[0,0,0,-408375,98826750]|20.120.5.cc.1
108900.j1|[0,0,0,-408375,98826750]|21.224.11.b.1
108900.j1|[0,0,0,-408375,98826750]|22.165.8.a.1
108900.j1|[0,0,0,-408375,98826750]|23.253.13.a.1
108900.j1|[0,0,0,-408375,98826750]|24.192.9.rn.1
108900.j1|[0,0,0,-408375,98826750]|25.250.14.a.1
108900.j1|[0,0,0,-408375,98826750]|26.273.15.a.1
108900.j1|[0,0,0,-408375,98826750]|27.324.18.b.1
108900.j1|[0,0,0,-408375,98826750]|28.336.17.ca.1
108900.j1|[0,0,0,-408375,98826750]|29.406.24.a.1
108900.j1|[0,0,0,-408375,98826750]|30.240.13.b.1
108900.j1|[0,0,0,-408375,98826750]|31.496.30.a.1
108900.j1|[0,0,0,-408375,98826750]|32.384.21.mu.1
108900.j1|[0,0,0,-408375,98826750]|33.440.27.b.1
108900.j1|[0,0,0,-408375,98826750]|34.408.25.a.1
108900.j1|[0,0,0,-408375,98826750]|35.560.35.d.1
108900.j1|[0,0,0,-408375,98826750]|36.432.25.fz.1
108900.j1|[0,0,0,-408375,98826750]|37.703.45.a.1
108900.j1|[0,0,0,-408375,98826750]|38.570.36.a.1
108900.j1|[0,0,0,-408375,98826750]|39.728.47.b.1
108900.j1|[0,0,0,-408375,98826750]|40.480.29.cfg.1
112896.di2|[0,0,0,126,0]|28.504.33.h.1
112896.ba1|[0,0,0,-126,0]|28.504.33.g.1
117612.v2|[0,0,0,0,33]|33.440.27.b.1-33.3
164268.g1|[0,0,0,0,-39]|39.728.47.b.1-39.3
166464.cx2|[0,0,0,0,136]|34.816.53.e.1
189728.bs2|[0,0,0,-65219,6391462]|2.3.0.a.1
189728.bs2|[0,0,0,-65219,6391462]|3.3.0.a.1
189728.bs2|[0,0,0,-65219,6391462]|4.6.0.c.1
189728.bs2|[0,0,0,-65219,6391462]|5.15.0.a.1
189728.bs2|[0,0,0,-65219,6391462]|6.9.0.a.1
189728.bs2|[0,0,0,-65219,6391462]|7.21.0.a.1
189728.bs2|[0,0,0,-65219,6391462]|8.24.0.y.1
189728.bs2|[0,0,0,-65219,6391462]|9.27.0.b.1
189728.bs2|[0,0,0,-65219,6391462]|10.45.1.a.1
189728.bs2|[0,0,0,-65219,6391462]|11.55.1.b.1
189728.bs2|[0,0,0,-65219,6391462]|12.36.1.j.1
189728.bs2|[0,0,0,-65219,6391462]|13.91.3.b.1
189728.bs2|[0,0,0,-65219,6391462]|14.63.2.a.1
189728.bs2|[0,0,0,-65219,6391462]|15.90.3.d.1
189728.bs2|[0,0,0,-65219,6391462]|16.96.3.dv.1
189728.bs2|[0,0,0,-65219,6391462]|17.153.7.a.1
189728.bs2|[0,0,0,-65219,6391462]|18.81.3.a.1
189728.bs2|[0,0,0,-65219,6391462]|19.171.8.a.1
189728.bs2|[0,0,0,-65219,6391462]|20.180.7.j.1
189728.bs2|[0,0,0,-65219,6391462]|21.126.4.d.1
189728.bs2|[0,0,0,-65219,6391462]|22.165.8.a.1
189728.bs2|[0,0,0,-65219,6391462]|23.253.13.a.1
189728.bs2|[0,0,0,-65219,6391462]|24.144.7.um.1
189728.bs2|[0,0,0,-65219,6391462]|25.375.22.a.1
189728.bs2|[0,0,0,-65219,6391462]|26.273.15.a.1
189728.bs2|[0,0,0,-65219,6391462]|27.243.12.a.1
189728.bs2|[0,0,0,-65219,6391462]|28.252.13.j.1
189728.bs2|[0,0,0,-65219,6391462]|29.435.26.a.1
189728.bs2|[0,0,0,-65219,6391462]|30.270.15.d.1
189728.bs2|[0,0,0,-65219,6391462]|31.465.28.a.1
189728.bs2|[0,0,0,-65219,6391462]|32.384.21.ld.1
189728.bs2|[0,0,0,-65219,6391462]|33.330.17.d.1
189728.bs2|[0,0,0,-65219,6391462]|34.459.28.a.1
189728.bs2|[0,0,0,-65219,6391462]|35.630.40.d.1
189728.bs2|[0,0,0,-65219,6391462]|36.324.19.k.1
189728.bs2|[0,0,0,-65219,6391462]|37.703.45.a.1
189728.bs2|[0,0,0,-65219,6391462]|38.513.32.a.1
189728.bs2|[0,0,0,-65219,6391462]|39.546.33.d.1
189728.bs2|[0,0,0,-65219,6391462]|40.720.43.ya.1
207936.en2|[0,0,0,0,152]|38.1140.76.e.1
209088.ep1|[0,0,0,0,-22]|33.1320.90.a.1
292032.er1|[0,0,0,0,-338]|39.2184.154.a.1
304704.dv2|[0,0,0,0,46]|23.759.44.a.1
313600.e1|[0,1,0,-16333,705963]|2.3.0.a.1
313600.e1|[0,1,0,-16333,705963]|3.6.0.b.1
313600.e1|[0,1,0,-16333,705963]|4.6.0.d.1
313600.e1|[0,1,0,-16333,705963]|5.10.0.a.1
313600.e1|[0,1,0,-16333,705963]|6.18.0.b.1
313600.e1|[0,1,0,-16333,705963]|7.21.0.a.1
313600.e1|[0,1,0,-16333,705963]|8.24.1.l.1
313600.e1|[0,1,0,-16333,705963]|9.54.1.a.1
313600.e1|[0,1,0,-16333,705963]|10.30.1.a.1
313600.e1|[0,1,0,-16333,705963]|11.66.2.a.1
313600.e1|[0,1,0,-16333,705963]|12.72.1.s.1
313600.e1|[0,1,0,-16333,705963]|13.78.3.a.1
313600.e1|[0,1,0,-16333,705963]|14.63.2.a.1
313600.e1|[0,1,0,-16333,705963]|15.120.5.f.1
313600.e1|[0,1,0,-16333,705963]|16.96.5.cf.1
313600.e1|[0,1,0,-16333,705963]|17.153.7.a.1
313600.e1|[0,1,0,-16333,705963]|18.162.7.b.1
313600.e1|[0,1,0,-16333,705963]|19.190.9.a.1
313600.e1|[0,1,0,-16333,705963]|20.120.5.ca.1
313600.e1|[0,1,0,-16333,705963]|21.252.12.b.1
313600.e1|[0,1,0,-16333,705963]|22.198.10.a.1
313600.e1|[0,1,0,-16333,705963]|23.253.13.a.1
313600.e1|[0,1,0,-16333,705963]|24.288.17.coj.1
313600.e1|[0,1,0,-16333,705963]|25.250.14.a.1
313600.e1|[0,1,0,-16333,705963]|26.234.13.a.1
313600.e1|[0,1,0,-16333,705963]|27.486.28.g.1
313600.e1|[0,1,0,-16333,705963]|28.252.12.m.1
313600.e1|[0,1,0,-16333,705963]|29.406.24.a.1
313600.e1|[0,1,0,-16333,705963]|30.360.21.b.1
313600.e1|[0,1,0,-16333,705963]|31.465.28.a.1
313600.e1|[0,1,0,-16333,705963]|32.384.25.fx.1
313600.e1|[0,1,0,-16333,705963]|33.792.49.b.1
313600.e1|[0,1,0,-16333,705963]|34.459.28.a.1
313600.e1|[0,1,0,-16333,705963]|35.420.26.d.1
313600.e1|[0,1,0,-16333,705963]|36.648.37.dq.1
313600.e1|[0,1,0,-16333,705963]|37.666.43.a.1
313600.e1|[0,1,0,-16333,705963]|38.570.36.a.1
313600.e1|[0,1,0,-16333,705963]|39.936.61.b.1
313600.e1|[0,1,0,-16333,705963]|40.480.33.yt.1
388800.ba2|[0,0,0,0,750]|9.108.3.a.1
388800.ba2|[0,0,0,0,750]|18.216.11.b.1
388800.n2|[0,0,0,0,150]|24.128.7.e.1-24.3
388800.pe1|[0,0,0,0,-150]|24.128.7.e.1-24.8
388800.ba2|[0,0,0,0,750]|36.864.59.c.1
484416.du2|[0,0,0,0,1682]|29.1218.78.a.1
